1007741092
505363164
337505040
256492667
207369636
174291573
150454437
132530769
118621835
107525579
98453431
90793891
83853164
78114157
73882869
69916433
66301070
63015909
59449602
59567620
54133243
52013135
50118418
48402254
46669999
45064279
43814782
42978691
41023343
39843623
38862810
39309846
37327498
36242334
35463207
36029890
31068549
30251828
29709662
29072774
28537295
27902481
27304093
26792631
26372002
25831263
25905336
25033912
24614005
24760283
23577230
23210916
22783065
24042785
22684806
22300584
21706957
21270161
20884847
20520996
20335829
20150552
20162849
22475418
22139677
22252751
22252529
21545845
21106402
20705865
23823656
23456527
19995922
19280683
19369794
19200572
18923776
19802719
19620886
18897981
18996518
18771888
18088501
18293648
18080315
17649465
17556946
17779834
17240891
17121929
17041762
16879096
16773892
16972854
17049299
17043429
17242984
16932596
20959051
16967169
16557744
16264115
16152708
16090301
15974356
15842912
15799690
15653172
16207819
15470487
15486376
22677769
23868749
15881505
15794802
16050135
14072324
12630993
12279327
12330846
12318549
13062936
12194401
12221198
12148086
12151790
12052068
11945401
12257790
12439623
12344827
12238401
12261308
12126827
12105439
12002050
12461068
12878418
12771770
12022605
10908145
11048089
10988904
10927978
10830329
10800145
10772812
10833793
10911033
12420956
12337068
12521642
12309216
12126328
12357901
12488568
12048531
12077513
12019291
11914401
11865384
11945235
12317364
11759106
11756088
11730198
11755069
11640828
11564144
12085327
9805350
9899665
9740684
9678388
10923996
11618032
11609495
11713014
11774439
11772310
11709828
11754143
11712069
11364236
11624977
11757995
11696550
11750606
12413808
11534587
11490476
12658956
12564420
12448178
12398142
12471938
11878494
12417290
12468271
12370346
11709217
14164490
11644865
11537866
11455273
11413940
12100217
10885367
10850219
11411459
11419995
10776478
10743442
10752664
10168776
10353627
10626867
10635312
10766885
15621617
14934822
13941620
14169805
10668960
11141496
11882772
10904126
10556460
13291454
9636888
9153333
10263924
10284942
10041165
10097868
9745628
9790740
9778906
10088961
9609962
10092813
10022980
10008461
9742999
9207703
9766925
8979963
10537571
9915535
9241500
7945410
8285483
7899336
7880373
8108391
7850429
7853539
8027818
7780207
7784373
7956317
7842910
7758613
8011613
7644262
7781966
8122446
9676666
9872536
9581851
9665536
9477406
9753536
13162103
10977811
9696369
8419298
8550686
8274465
7928113
9595851
7887744
7793077
7821410
7977188
7395948
7464355
9086703
8719057
8151798
7400651
7433892
7458300
7374485
7535929
7343411
7319874
7581874
8987555
8846168
8907371
8873852
8818593
8900038
8819705
8951333
8880982
8752538
8793131
8765556
8743464
8771630
8802612
8747686
8838056
8675909
8682427
8702556
8729334
8634316
8810463
8615445
8731686
8668316
8654057
8566557
9422759
12534957
12213549
11529087
9441000
9387166
8975445
8851482
8840630
8580186
8533946
8587890
8581964
8873279
9039463
8552909
8714112
8679372
8480983
8461316
9532110
8933296
8177891
7961021
7814410
8030613
8485094
8245409
8234984
8108187
8418372
8232224
8112280
8508353
8106742
8094465
8155372
8408539
8102114
8020892
8775445
8097484
8165668
8053613
8129372
8272168
7999021
8033835
8100057
8022076
8177521
7962150
8065576
7971188
8472835
7923299
8066558
7937984
7921373
7943354
7926817
8379242
7883651
7873002
7938688
8309835
7915521
7951577
7896336
7890799
7921521
7907521
7904521
7836614
7969429
7761447
7857392
7809243
7801077
7829836
7812058
7827688
7841965
7724818
7950409
7734929
7812762
7765170
7846799
7706373
7797133
8123668
7791095
7678929
7701022
7660651
7704744
7873428
7776336
7683318
8504001
8013114
9182370
8080632
8617538
8555594
8130484
8079576
8573316
8653408
7604151
7660725
9036426
8159576
8962426
7568114
7340022
7370485
7241837
6192672
6105636
6103339
6201543
6239728
6137839
6156784
6186395
6129673
6124913
6071598
6146450
6124247
6083580
6157136
6156395
6126988
6141247
6241635
6139006
6106247
6392413
6054470
6099580
7034708
8140261
8188020
6206710
6185117
6582172
6756579
8316076
7849966
7920299
7741299
8061225
8195873
8948001
6204080
6145821
6137821
6227432
6362894
6156246
6154858
6140543
6180450
6157191
6107673
6135451
6236136
6164654
6111395
6078247
6245321
6068543
6138395
6207043
6004747
6331691
6129710
6121340
6093247
6207599
6062839
6136618
6110080
5794988
6000876
5817100
5866914
5774470
5908007
5853581
6195024
6127062
6149655
6198729
6143488
6249987
6125117
6130820
6341339
6079006
6496709
6182210
6122821
6412116
6154673
6328265
6228247
6110839
6233636
6485338
5999339
6072247
5958784
6121488
6134247
5938599
6033747
6098228
5973173
6173321
5914192
7170726
8266316
7606244
7435356
7418189
7689188
7446467
7446781
7634651
7491262
7701262
7613967
7806225
7679299
7565114
7647725
7309152
7332374
7245633
7232282
7218930
7812539
7517559
7524225
7567781
7751373
7704781
7499744
7439559
7245226
7572559
7746410
7306041
8028224
8308465
9408519
7642874
7308523
8101021
7699670
7564262
10745867
9594091
9755961
10374053
9829740
9529907
9429778
7087801
7343762
7458818
6977560
7273782
7582484
5814618
5859858
5943451
5881488
5665636
5811581
5938322
5984247
5769192
5924025
5694821
5684452
5811951
5948544
5838711
5878988
5733433
6188914
5761489
5889007
5867266
5900247
6099913
5747433
5930840
5597988
5674063
5846655
6087136
5727007
5854803
5862044
5924377
5760063
5768007
5702766
5932340
5573211
5919321
5525785
5960044
5776562
5802692
5813136
5865377
5741155
5787803
5766952
5707210
5571229
5755155
5841451
5912784
5793673
5907988
5988580
5697858
5608026
5719673
5703137
5855396
5890859
5605933
5712581
5914118
5666711
5751933
5771044
5699563
5778562
5913358
5564563
5899654
5471859
5838600
5738285
5625192
5765599
5745341
5881581
6047321
5739100
6222228
5877340
5762710
5745748
5618415
7284634
7087579
7237911
7533021
7188041
7665077
7123189
6920912
7057838
6965838
7415134
6972763
5932377
5521692
5816099
5574859
5621507
6354968
6720283
6629042
6763227
6816116
6736468
6742504
6873208
6721524
6615098
6923615
10649590
7485670
7527244
7031263
6490339
6456894
6740413
6487654
6517690
6593727
6662820
6454153
6765116
7108467
6828578
6743023
6910597
7006078
6516746
6608320
6496783
6717172
6673116
6475580
6659949
6443858
6476098
6540320
6954023
6718523
6724060
6614098
6467802
6534061
6767264
6529561
6713857
7301911
6670580
6587653
6689227
6724376
6793245
6484561
6641876
6556320
6627728
6621172
6795653
6483987
6588801
6628838
6724598
6523246
6497802
6617172
6597802
6837450
6800856
6534654
6622876
6508321
6595098
6589746
6631228
6516172
6647135
6562820
6543228
6423709
6620080
6610802
6763227
6581431
6610524
6666042
6516524
6525450
6743412
6744227
6724709
6615301
6625486
6442506
6634079
6492727
6588265
6622061
6938190
6889115
6815894
6732005
6719857
7219170
7115097
10096369
13866546
14194193
14686266
14592266
14881729
15381951
15213951
14773618
15061636
15518247
15622080
15494913
15422765
15704653
15548024
15414876
19125035
18767462
26007670
25566522
28978719
32642953
33392118
38460626
44102003
45782814
47686793
47943977
58639455
55172963
51631173
47982162
44719262
42184655
45343704
50642564
55305870
57864902
59480158
61128266
62545059
63761352
65105295
66324699
65581404
65329220
64014315
63529945
62869336
63680816
64074278
64351203
62876966
61401006
59787657
58650937
57586587
56561201
54072446
52713189
50812193
50859693
50699305
50864268
50559139
50832879
50848990
50844064
50817064
50975860
50727620
50962286
50821398
50724879
50695657
50761842
50438547
50431212
50425935
50440454
50543565
51761544
52136247
51953043
51790822
52121395
51928340
51879266
51894395
51734895
50668934
50505435
50601972
50501046
50631490
50835120
50997434
51084767
50967101
50918063
50847768
51014286
50840730
50221806
49891899
49476622
49116253
48682791
48522420
47961589
47803774
47821144
47972125
47858051
47795329
47760477
48081144
48076403
48274791
48188588
48203440
48423698
48432791
48416699
48327773
48768235
48723365
48712124
48722902
48756494
48791605
48753235
49022178
48904086
48703068
48725976
48656938
48721087
48785438
48664457
48660476
48593161
48519902
48596142
48525921
48509161
48442310
50221621
51997320
54014780
55755405
57674346
59383694
61317172
63259502
65055813
65117628
65142276
65589219
65744200
65789330
65596460
64786832
64364907
63776093
63688001
62931410
62631540
62435652
62234522
61973838
62556077
62415078
62052116
61556616
61371858
61763041
61970782
62476189
64109778
65619626
68190769
69587712
71144690
72412965
72785779
72920686
72569797
71511633
70468506
70981060
70512061
70256524
70088451
70317043
70709801
71005709
71550467
71780318
70465746
73216444
72503131
71996077
70996375
70389542
69689081
69177453
68511658
70277358
67009271
66574495
65932607
66030551
66219570
66633458
66799495
67613549
71860707
72009002
72726056
73538667
73943869
74088665
73835795
73911536
73290574
72630502
72385280
72526964
72154150
71861095
72177410
72320132
75666995
77745787
77432288
77102770
76851344
76090884
75737829
75172089
73885555
72506649
68592861
65463794
65221850
64777369
64186203
64142630
63791482
63573909
63627057
63514076
63643445
63586982
63331779
63365575
63762667
63360001
63290668
63326149
63297797
63286372
63092854
63176002
63103076
62859447
62547558
62384559
62424115
62483466
62395077
62434059
62358929
62319208
63261686
63289094
63550056
63752297
64052352
64763406
65593645
66246977
66798643
67348938
68070992
69916044
72424335
74282498
76412049
77644695
79024859
80152246
82223649
83763812
84754995
84733218
84514737
84379514
83235609
83281368
82383926
82516259
81452984
80886281
80133801
80249986
78984507
78955063
79078266
79009266
80382060
79583339
79597469
79680172
79648839
79624024
79394766
79070155
79167099
78967507
77591139
78168620
78644470
78647934
79287266
77896195
78226286
77330992
77115196
78102601
78603026
78268990
77619972
76942196
75397014
75630458
74112054
71627319
69217193
67165235
66955532
64990924
63266261
61529228
59304861
57373607
56370108
56092202
55379629
54893297
52593968
52309450
51477230
51216137
51306951
51563284
51639025
52569283
53404781
54703630
56055424
56732070
57699346
57996939
58081882
58275049
58930733
59274584
59413343
59076880
58740696
58657956
58964085
60887117
60672970
60558988
60702211
60673155
59902823
59807916
58853196
58492493
57383773
55350129
56098257
56233608
56003924
55194278
55146629
54948093
54968963
55540888
55850220
55700554
55330962
55049407
54693316
54669630
54853853
54785537
55167999
54550982
54716334
54697297
54711241
54693222
54291742
54475649
54413779
54285298
53774076
53901354
53681725
53980687
55821961
55966980
56354331
56083590
56064294
55973868
55822776
55192833
55466388
55405351
53562429
53417225
53325873
53577466
53623262
54324113
54595908
55179870
55035093
54998167
55196037
55019537
54860186
54687575
56374034
55861813
55943924
55329352
55255129
54864945
54907574
55196055
55892554
55459499
54672741
54812148
56254219
56345498
56481516
56671681
57146903
57099830
56833181
56801145
57043181
57293162
56213404
57454625
59494806
61635301
63104132
64874517
67008254
68951361
70832413
72408465
73948554
76240216
76531919
76611400
76919233
76842493
76891066
76858752
76887789
77185770
81618558
79859950
79375451
81195984
81378298
81539909
81506983
81525835
81681705
81342336
85388772
84742532
84912865
85103939
82906537
82819628
82926369
82855740
82856943
82952444
82808463
82227538
81472539
80721188
80544967
80203227
84233404
84174422
83522201
83162665
81813798
81593484
80949114
81431613
81504168
81180428
80633300
84380885
83386072
82865573
82849018
83051017
83766572
83708923
84375940
84157478
83927941
83896812
85808993
87824711
89857448
91893204
94278587
95919639
97500988
99477299
101119147
102862588
104975473
105458269
103406717
101520350
99591632
97331784
94915031
92866016
91362316
89641745
87741619
85980660
83725608
84619032
84321793
82456444
80710466
79045544
77418899
76243901
74438312
72956482
71587966
69919451
69134453
66609143
65738052
66076367
66319810
66326662
68196122
69740507
71184393
72492928
74031109
75562754
76804011
78607563
80002801
81581224
83403739
85903012
85581049
84823680
83100295
81222262
79362766
77218103
75045811
72931834
70574136
69617137
67456122
64430314
62460244
60882173
60895432
61160710
61248357
61488283
62032893
62706540
63192854
62943317
63047391
63604853
64630591
64993961
65429590
65666848
66300014
66338014
66240625
66013645
65786071
65668627
66552254
66165144
66125274
66144311
66269384
66253995
66004940
66296718
66208866
66830495
66942643
66815087
66755661
67311438
67460826
67564234
67666289
67686660
67570400
67711104
67722122
68165510
68295658
68319936
68281843
68247158
68118418
68131677
67946048
67879937
67903307
67925178
67818474
66868902
66912698
66890679
66701865
66619273
67757344
73858628
73554759
72929686
72713668
72386150
73694703
75317977
76723049
78535600
80563096
81888927
81211966
76842307
75683847
77891712
84290849
89544411
90860409
102117794
101472461
100864203
100333371
100146353
99971798
96518231
95918158
90972520
87362583
79971320
74418183
74559034
74406035
73197889
71770151
70061654
68091640
66351736
64739017
62989262
61182451
59318806
57647902
56286424
57291754
57172440
57862994
57864623
60082564
60440526
61224691
62396337
64004278
65223998
69853507
68588176
69921636
70753043
72717631
72282891
73831407
73858536
75293032
75240200
76316420
73093667
74587997
74821367
75223015
74677368
73665240
75168700
76575086
81947575
82632018
81601390
80308264
79339617
78604674
77889546
76569752
75826773
75089496
72928890
70518246
67734974
66864216
65860256
64929702
64580499
63436650
62472688
62451485
61665709
61400024
61399283
62281355
62839466
63765186
64696258
65108980
66729939
68945694
70771949
72034243
74091442
75216700
76290753
77225640
78532619
79236821
79853672
79517784
78678933
77147326
76911530
75625125
74804163
72986500
71294578
69493860
67886289
66174070
64865220
64494463
64187074
63424557
62101356
61414042
59738843
59712972
60516896
60337896
60775674
61152098
61254932
61331080
61590191
62099893
62347356
63043132
63608890
64236555
64199111
64189333
64473962
63810686
63818297
63889316
63535260
63334057
63289557
62464596
62651262
61972393
63134946
64742407
65180405
66550809
67598345
69674211
71489096
73307241
74932386
77194529
78884155
81375965
82256982
83328776
86137085
87587731
89868707
93094331
93515107
95026937
95232585
96389657
96922638
97121618
97756525
97940376
97642858
97588322
96425398
94285124
94290087
93217979
93411441
92865016
92635109
92233480
91204815
91097742
90070948
89976966
90502169
90199743
91351500
91124297
91195890
90815149
90899168
90850742
91249889
91838295
90915983
91341593
92684054
91832573
90149651
89269134
88353044
88058118
87246416
86709713
85766882
83973553
83918015
83046776
81188206
81087632
81244613
80608077
79541987
77756565
76281013
74781312
73334611
72377465
70890930
69465527
67497957
66317977
65936089
65556812
65713034
65710478
65616256
65526016
65513923
65411776
65579405
65434516
65403813
65173868
64372314
65739682
66935680
68295251
69861858
71261171
72435335
73882239
75321163
76903752
78169546
79616969
80698689
80725448
80889115
80732744
80629670
80832559
80912651
80819226
80614022
80576966
80387523
78647081
76964808
75222329
73315667
71361430
69368285
67397938
65866441
64062611
62512004
60971432
59423880
59173473
59004307
58935547
59353047
59846064
59903638
60095620
59836731
59705287
59648805
59326917
60033082
60538434
60416970
60454489
60605081
60373637
60412229
60351878
60295101
60285767
60171027
60310175
59900639
59273343
59265176
59126824
58648308
58546827
58658530
59312509
59324769
59619565
59604435
59875361
59620102
60224675
60236082
60178489
60021323
60172156
60017452
60048156
59966046
59724861
59819268
59640694
59782490
59334324
59626268
59606842
59668879
59673657
59757342
59073158
59784305
59534731
60214489
60104952
60535266
60459285
59860471
59873638
59978101
60003045
59941157
59961435
59273658
59462880
58889233
58792493
58430511
58566345
59944379
62460707
64136759
66573551
68301306
69738100
71640170
74039480
75790606
77378288
79061822
80939633
81850686
81871168
82801092
82112223
82342908
82670870
85243494
86874472
89219894
91582482
93919292
96343694
96722249
96398583
94600883
93843107
92995294
92706406
89932078
87288750
85015995
82313704
79752098
77311788
75660384
74906978
75247366
75792310
75998439
75441570
75116145
75031034
74819608
75523088
76040661
76349864
77093066
77863491
78518453
78858471
79700098
80604411
81486539
82180482
82959684
82807999
82758573
82794018
82749203
82698277
83197239
83247776
83244295
83172424
83126443
83138369
82804148
83675479
84206108
84214293
83839941
84082070
84122719
84204885
84268275
84354441
84596347
84693681
84963847
83910479
83866108
84053015
84904902
83682405
83967756
83442109
82985425
82615574
81577113
80712189
79806209
78787971
78269990
77242640
75872180
75651088
74571350
74453535
74013832
73456574
73559777
73487944
73707611
74238183
74376664
74893182
76126754
76101902
76159365
75976216
76026143
76291216
76143198
76573290
76550457
76833975
77816602
80577207
81343687
82225074
83105351
84200886
85392123
86308770
86732862
86677325
86730065
87231898
84563218
86074696
85880067
83061443
81117669
78978914
76725474
74361220
72022243
70362617
68971990
67479160
56107998
54580297
54437594
54434168
55191555
56493312
57725457
59806713
61539523
62860818
65087868
66561236
68497454
70163988
70518690
70273858
69604971
68883860
67298790
65978718
65099887
63418260
62535985
61583691
60195212
59892564
59747787
59372121
58501530
58349716
57449587
56689348
55847776
55107278
54001965
53424615
53130930
52824763
52551691
52446727
52335524
52393395
52431320
52567912
52618838
52623764
52588801
52587579
52955430
52936708
52964467
53441503
53306115
53828817
53901188
53845650
53842094
53854429
54478001
54095853
54997778
55471592
55065926
55331203
55215388
54737426
54744574
54686389
55032778
54383742
54212909
53443781
52933634
52930189
52944282
52858486
53086986
53042782
53390169
52972208
52896097
52868115
53260967
53847465
54032243
54321372
55362184
56043757
56709626
57778995
57807939
58656196
59429102
59837064
59752916
59825749
59230325
58225382
59381510
60762766
61094876
62705262
63804315
64538202
65533090
66684661
67951881
67778956
67752308
65814145
63839130
62966299
61163265
59617435
57925383
56399645
54587445
53054244
53055744
53096374
52954393
52798930
52150820
52420431
52244950
52742560
54354557
55970350
57624717
59237491
60783080
62547522
64326610
65841422
67264753
68958860
69937433
70032469
70125377
70206673
70221821
69974414
69833896
69570396
69067639
68688917
68274066
67886659
67271290
66875272
66328403
65990663
65842774
65472275
65373035
65314109
65302497
65337257
65451738
65536256
65529942
65605108
65485534
65410535
65317257
65539553
65647664
65631441
65428312
65375590
65330090
65422275
65330090
65424664
65913238
67381086
73312722
76935437
79531247
82397833
85303735
88034248
90681205
93390349
96056843
98256949
95745158
91980221
89249931
87536823
86058419
84201811
82204204
80127449
78054194
75831847
73921295
73810795
73509574
73627073
73681536
70894653
68920194
67037809
65098128
63089409
61213377
59365639
57859365
55955257
53827539
51659710
51543358
51495377
51423581
51422878
51425192
51383304
51165359
51073396
51112045
51185044
51210526
51282026
51182100
51156841
51170008
51162711
51213600
51308655
51321526
51321693
51432452
51390322
51406729
51388619
51445007
51368377
51360081
51515618
51261155
51156304
51294249
51086100
51149415
51118452
51124212
51104248
51166878
51186415
51106674
51161544
51257897
51246841
51267915
51385952
51372248
51380155
51324396
51344471
51331396
51341785
51339193
51272619
51197230
51176952
51087064
51045563
51097342
51175508
51120619
51037453
51010211
50983008
50959545
51019508
51004231
51264304
51156878
51088508
51078064
51105433
51136008
51147230
51140304
51128711
51121508
51664377
51501970
51418415
51386303
51377415
51371303
51410396
51531803
51571396
51641118
51104527
51073008
51062822
51130137
51195693
51198897
51150933
51134767
51018489
51119878
50945212
50896990
51098879
50957879
50968268
50901231
50882564
50865267
51131305
51060785
51049638
51059378
51090971
50933860
50959712
50947416
50991860
51032990
51021230
50896786
50891824
50867138
51684229
52928782
54123687
55359740
56497201
57606902
58823511
59967861
61211673
62439040
63628149
63943093
63868649
64421536
64316352
64333000
64433796
64372555
64394333
65237071
65151350
65125646
65049479
65274794
64908202
65042536
68159603
68405399
69457748
70637801
70816709
71779559
72270595
73137186
73347667
73541370
73710258
71723466
71764688
72235687
71347541
70559524
69936859
70545802
70601931
70644265
71507577
71739114
71102116
70439914
69687322
69763933
70285172
70184562
69447304
68689065
68730824
68351677
68669343
68762898
68710324
68715231
68700787
68416509
69162546
69885656
69962026
69828099
69282471
68845601
69037008
69158990
69274637
69447563
69162471
68474103
67926622
67723992
67549901
67255216
66968735
66746031
66466236
66097644
65913460
65708645
65550590
65361646
65573312
68260862
74601368
76252864
77068196
77754362
78669175
77616120
76571456
75678088
74877793
72794019
69737266
63315891
61968041
60615525
60335489
60613322
62940150
65158461
66997179
69015175
70710080
72294095
74118776
74945848
75717569
76085902
76309105
75721866
74619627
74205702
74412183
75072386
74708108
74130350
73788350
73675832
74397665
73333333
72067132
70795949
69216175
66972401
64612239
63032058
60794729
58465604
56795367
54577686
53186059
53070226
52996578
53060560
52764245
52844319
53299207
54656093
56178294
58909121
59379750
60530526
62670318
64794276
65111442
65848126
66475180
66722106
66433329
65638220
63688334
64227536
64633943
63218150
62098782
62427003
62973558
63461335
64117518
64467555
64813350
65185442
64902665
64140778
64171148
64259944
64550185
64496815
64340074
64154518
64334851
64324092
64229019
64474759
64727313
64818832
64749703
64787424
64925851
64849147
64685592
67745993
68208232
69722100
69915729
69736229
72634038
73087408
73126982
73466740
73833054
73914813
70843597
69886730
69385508
69102342
66302977
65037554
64226241
73855239
73996962
73976739
73371981
74676626
75393755
76478661
77983602
79439432
80585282
81301465
83613572
79249562
79699968
80671856
82258278
81341558
81280929
81912057
79798376
78503637
76590252
75490144
73604573
72695797
70495321
69050823
67124790
65510330
63429038
61870894
61857949
61916948
62055227
62064486
62285263
62118541
62238004
62265763
62743188
62395485
62169448
61786264
61754319
63820741
63619371
63939852
63832464
63453094
63207354
62696836
62207152
62564522
62719799
63750556
63401354
61056914
60889896
60119989
59657990
59508620
59358639
59696268
59719212
59574213
58528659
60891192
60863100
61228951
60999080
61367450
61504357
61721505
61808060
61585171
61538116
61867078
61966301
64686184
64410704
64750351
64466648
64711184
64665351
64673406
64446332
64475832
64577758
64688202
64131871
64084000
64004093
64073463
63795334
63576927
63372132
63695001
63620075
63643834
63307965
62913095
62614726
62771539
62584189
62466596
62527040
62581041
62640003
62287374
62327244
63098354
65831089
66053330
66236977
66453976
66937698
67334345
68094862
67915585
67909122
67815770
68784620
68627102
68731564
71299578
71358949
71325689
71918058
71812910
71945502
72531186
72945297
73468185
74166369
74661109
74440738
75162774
75075533
75760273
75858828
76409049
76548253
77482751
77328214
76564179
76082161
75974328
76272234
76465993
76355365
76129291
75774736
75467292
75791199
75839902
77631861
79144692
80570985
82538574
83518276
84692718
86327029
87869415
89838985
90969649
92357776
93661570
94471402
96513565
97421599
96760249
96531101
96620749
96445046
96407268
95332400
94342643
93578145
93345997
93232071
92626461
92387036
90296021
88730858
88618691
88132822
87733471
87589564
87640193
87550230
87807026
88443006
89186505
89635356
91116001
92300795
93421867
93873607
94668216
95168734
94683642
94517050
94059903
93783977
92922961
92480573
91874684
90890557
89321061
88512543
86884084
86631603
85434049
84763218
84776902
84821310
84717199
85323939
85365975
84901476
84240589
84989532
86227622
85687715
86421048
87075880
87214972
87785323
87758934
88378451
89134709
88403470
88681858
88807580
89405468
88678377
88168785
88519284
88581876
87882341
88429302
89611856
90605280
91060520
91416612
92169407
93196089
94011810
94518938
95440029
95975232
96374806
96708341
97693895
98049154
97372285
97235470
97409266
97885173
98189820
98018802
97967154
97862191
96657972
95649603
94684345
93692921
93251293
92342017
91665037
90723224
89665523
88530192
87465231
87021324
87062361
86471677
85816234
84599440
83447868
82351889
80927262
79327451
77895139
76578494
75456125
74135406
72365761
70822320
69326193
67833603
67751937
67639567
67586882
67533808
67767381
68046844
68414714
68367250
68173269
68043603
68111214
68001547
67979770
68119992
68536306
68741380
68729101
68468269
71352115
78464749
78795822
79424191
79641469
79797190
79781931
79876154
79680543
79963060
79894728
79997468
79927598
77718046
76078550
70320432
70859653
70995783
70969838
71171912
71305115
71317097
70993357
70546283
69805729
69897321
70096822
69650008
69556970
69674063
68510492
68014788
68369029
68062455
68027529
67888363
68016844
68282325
68420880
68303640
68184566
68143695
68056251
67983103
67955918
68092047
67782437
68280232
68319528
68441843
68177214
68024547
67820400
67987399
67957121
68058233
68272122
68509158
68286474
68613528
68729232
68320788
68169066
67943455
67834900
68884972
68729806
68520213
68665953
68618843
68590731
67987547
67955826
67542271
67716067
68066121
68180121
68576695
68313825
67338494
67393715
67732807
67344919
67700826
67868641
68131011
68075511
68397640
68175122
67991085
67840733
67395049
67671363
68202362
68456269
68382287
68506917
68150714
67913696
67847252
67899511
67623215
68140085
67723234
67737863
67790529
67884659
67671715
67500530
68645343
70277321
72441409
74027702
75232866
77058381
78317860
80422578
82991610
84163886
85074013
85963308
88275969
89357208
89192338
88776006
87865063
87317935
87291287
86973306
87979582
88034729
87540545
87728730
87970341
88691339
87602082
88380006
89787671
91288890
92191591
93281515
94635253
94906252
94699883
94500920
95335604
96322361
97019915
97520470
97858691
97843469
96981822
95687806
94589550
94552161
94302439
93447941
92624906
91878962
91545223
91216260
93953106
93887681
93965884
93664515
93996884
94011291
94684031
93720663
93036886
93524126
93458311
93740218
93553996
93565644
97172544
96285731
95922491
95939398
95435899
95573789
96527953
97339433
98214264
99596429
100550445
99928039
99804669
99226763
98707079
98370635
98093450
97928117
100587908
107841726
107683727
106479544
104780029
104244030
102572015
101334203
101008333
100894796
101213184
101230758
101561758
101396129
101142073
98224616
100581834
96772620
96537712
96512157
96913156
96309823
96534472
96429175
96611268
96685638
96249675
96255453
96044898
96148528
96108324
95939880
96006047
96198843
96116083
95938843
96022102
95969046
95857195
95808029
95750843
95706529
95561177
95536973
95466974
95578084
95660788
95569806
95576344
95836677
95998343
95943732
95790788
95858880
95880602
95787214
95753862
95818121
96593990
96529546
96680193
96708193
96761434
96842804
96458546
96856082
97200693
97613043
98239227
98898615
101813294
102393590
103242792
104671084
106179933
108630614
111019979
112990031
113229364
113641270
114528009
115221027
115455396
115530767
115235008
114977526
112324106
112332791
111502608
110951831
109203446
107325468
105716953
104064568
104061660
104216437
103578587
102942533
102784940
102811829
102909441
102845737
102891384
102792922
102822978
102639200
103149995
103205236
102543274
102993014
103051700
102754089
102514385
102287645
102053720
101865017
101690961
101556387
101358498
101423924
101649109
101491813
100847037
100624685
100542408
100533816
100439871
100144927
100569019
100497889
100477945
100542241
100648963
100823129
100190520
99829668
100149390
99765113
99761188
99421818
99155763
98581097
99310763
99637928
99488465
99818836
99862298
101074351
108709262
110715721
112446569
112347162
111304497
111194627
110753368
110700869
110775350
110452055
109182595
108447614
108088800
107365172
106965266
105275583
95039548
91484055
89073968
87773119
86497436
85393698
84171145
82771740
81597075
80659818
79464265
78615582
77067104
76043273
74584090
73244241
73200556
73385740
73394481
73244685
73080408
73401296
73554111
73553963
73416870
73144352
73253648
73079630
73317518
73228056
73470888
73426055
73319907
73310426
73529444
73551814
73445407
73139593
73253519
73806647
73733610
73931610
73609406
73817721
73314833
73231871
73043889
73224945
73202185
73174870
72991149
72997630
72987316
72775371
72852298
72405224
72850557
72766020
72777075
72653316
73034908
73178259
74249628
74319387
74422702
74634498
74696386
74855219
74846959
74661108
74442220
74497887
74036368
74199147
74160684
74387017
74212832
74211980
73223500
73063630
72991705
72939890
72958334
73023575
72993408
73043019
73420630
73417982
73402315
73202315
72877093
72780483
72894982
72904446
72866723
73076204
73003463
72991334
72893427
73037705
73022611
73006704
72655612
72677298
72638371
72703168
72653465
72647187
72723853
72767594
72629890
72515835
72801871
72927482
72991797
72669520
72676149
72611094
72548390
72777224
72783594
73054056
72876371
73027649
73044482
73164075
73719388
73965999
74129202
74284461
74618923
74944774
75393143
77126307
78042935
78373212
79117007
79683505
82365796
83776386
83883590
84144385
83952535
83898756
83852201
84017867
84353237
84909403
84414904
84735328
86640177
88576950
90829280
91995277
90063836
91741925
93910033
95375881
97137081
99367910
100823019
103006495
104697899
106284952
106774877
106113174
103618513
103568698
101817535
100729704
99826427
99374169
98682838
98922781
97344525
98371061
97769840
97560488
96840045
97156600
97667470
100366057
100984204
99725484
99512966
99907094
100344612
100123242
100204797
100087482
101304703
99497651
99121318
99560928
100912797
100765130
101671016
100733741
102630422
104171105
105218806
105617712
105628231
105510602
105206806
105138195
105011399
105198621
105131676
104520308
102721089
102015979
101074704
100460686
99576132
99007578
99014540
98976022
100023520
100066872
100569834
98801226
97284173
95987602
94920660
94623086
94098884
93182645
92794850
92280387
91232149
89567152
88308340
86655658
85192143
83765016
82179130
82484685
82529000
82567630
82650018
81725816
80864410
80351911
79410099
78671618
78384527
78321156
77893564
77737084
77572121
77322992
77153807
76953845
76867308
76733252
76202198
76286364
76169679
76177143
76045587
76055402
75921846
76020031
75950254
76135920
76169013
76499012
76577698
76690956
76846678
77077826
77216936
77236270
77184288
77130585
77112640
77163474
77086585
76904178
77093788
76996474
77090770
76714271
76713808
76608105
76529938
76247142
76393401
76405179
76475790
76502161
76861641
76689660
76839141
76945252
76982048
76955345
76894141
77075344
77327473
77481640
77579602
77590140
77629195
77612825
77613899
77581325
77697529
77720250
77732787
77687251
77773621
77726917
77682231
77403010
77111974
76905604
76778993
76601253
76896622
77176678
77328066
78001472
77774898
77979323
79144970
79734505
80433078
81012910
81820020
82529574
83805053
84596440
85403809
86369659
86632584
87117046
87473119
87321639
87957544
88496043
88145636
88059081
88017248
87993359
87916045
87657971
87732286
87463509
87109694
86983065
87140880
87154768
87080787
86931991
86612917
86343122
86504566
86554714
86624269
86776343
86755769
86449159
86002067
86160066
85953752
85980623
85866475
86218215
86798547
86969880
86750677
86666047
86447603
87258342
87622434
87776322
88079118
88907024
89609004
90322595
91149464
91324056
91608204
91919240
91929648
92395406
93110812
93717181
94022143
94194384
94146773
94202402
94548920
94415180
94504846
93671718
92851238
92172166
91554000
90649928
89792633
88955709
88094637
87275546
86513825
85515772
85014921
84279959
83366295
83454665
82170834
82314704
82905110
82926573
82797147
83284591
83233684
83519997
83630738
83821164
84699329
84540959
87148732
88575432
90342836
91634537
92452387
94482846
96100602
97131489
101286999
105093713
106612822
107780875
109454297
111045757
110137111
109263687
106400970
104705066
102309830
100096538
98823282
96038565
93562792
92203518
94592345
92371202
94760105
92922460
91127130
89419875
87571490
85474012
85427920
85446716
85435809
85662716
85683919
85686901
85777734
85930808
87952452
87882211
87843378
87884934
87629322
87582712
87639193
87678212
87671915
88024414
88241840
88001600
88024248
88075730
88101785
88192452
88451321
88711580
91333186
91491630
91694759
91875518
92094480
92047944
92069573
92227869
92530758
92608313
92758461
92719887
92483443
92473313
92813942
92730942
93111738
92723720
92692035
92878053
93185775
92646405
92718498
92436832
92485721
92569924
92701998
92427202
92141258
97090026
97080786
97006841
97063619
96796360
98439282
98132709
98176931
98014358
97902821
97680840
97882487
97921783
97833506
97820654
98068653
97806543
97774728
96400194
99399854
101908535
102070534
104258123
102701496
103571217
104192956
108377540
109395445
109791667
110478999
110293592
111435034
112649494
116751560
117107541
119093204
124782044
128444111
128330778
128595314
128676332
129040295
129150165
128970573
123575436
123938231
123663417
123166695
122463364
122410975
121422865
121406773
120355405
119456462
114728546
113232735
112751475
103664735
103283143
103148847
102645940
102375756
101960776
101801183
101763554
101301888
100769296
101071555
101871720
103026773
104198604
105709620
107017135
108357466
109682408
110900461
112209625
113460419
114462658
116107840
117341651
118968186
120240275
120889330
121152625
121159589
121493125
121014348
120091258
119216259
117929781
116936375
115742229
115164749
114962416
114838787
114475731
114371325
114428139
114651731
114235398
114864046
114248177
114224677
115098156
115989710
117031245
118031058
119130759
120155554
120815274
121594421
122527586
123228380
123912935
123825602
123690010
123432714
122936974
122510697
122380438
122308901
122058846
121888495
121383718
121429718
122693363
121944272
120894552
119942573
119252277
119063815
119137444
119079537
119352018
119366907
118904074
118805519
119210130
119516518
119268907
119177610
119073241
118457464
118886056
119342740
119551906
118153372
119263222
120133053
121218273
121396310
121673736
121954290
122083290
121029218
119613999
118829593
117977372
116680079
115420637
114549750
113012919
112043644
110855776
109427131
107987300
106613970
105565231
104371474
103204939
101925812
100895611
99714021
98318042
97062248
96866822
98990245
99035355
98797559
98908022
98762449
98896763
99067892
98913837
98867040
98817041
98668653
98442023
98392320
98223875
98215394
98193671
98203079
98225487
98341209
98263320
98028710
100885907
100294686
100194723
100110964
99996705
99983428
99838687
99675076
99550465
99682169
99720187
99973686
100013594
100081131
99980113
99972168
99886502
100004650
100031909
99907983
99849131
101518832
102994440
104808307
106577340
108297541
109961444
111735515
113410844
115374526
117033357
118964945
120424516
122089994
123668620
125402487
127175761
127706482
127711094
128104167
126605485
127201965
127801205
126139523
124580693
122735919
121099144
119515110
117959557
116369339
114803472
113013346
111319812
109663093
108819965
107749931
106929043
105716286
104325085
104399437
104691992
101583480
101326870
103183421
103627568
104821659
105319824
105879008
106443063
107148006
107582931
107922782
108442707
109992129
110029852
109464594
109261835
111090813
110761610
112785383
114306084
115811432
117089596
118188131
117758985
119316944
120173480
121769680
123000344
124086231
125138192
126456262
127512335
128185241
127834204
129016925
130307107
131242975
135422689
135376652
136846334
135196189
134413229
133930562
133361915
133308879
132875879
132109085
131407975
130458329
129670701
128931035
128775407
128256630
127781779
128219796
128008963
128261574
127698649
127878112
128311223
128553111
128456241
128584184
128844573
128940999
128611277
128399704
127970778
128530333
130122682
130718829
131177827
132047511
130815217
129568683
128864073
127475983
126654188
125180247
124617989
123313269
121860050
120685053
119540443
118398501
117451762
116357191
115389341
114108603
113118901
111214108
108449891
107009191
105197806
103371661
103090199
103022589
102853626
105199139
104779085
104436512
103976252
103968939
104045104
104191604
104360012
104857103
106822117
118020409
121221848
124151471
129153553
132878694
136296558
139944458
143834616
147517776
151238972
153772189
155740186
160637786
162545672
165044777
167257125
169271621
171158506
172705614
174486018
176358070
177930882
177498253
180881524
182671482
180885079
179852081
178768527
175621534
174957165
172214615
169854120
167008718
164022780
161392822
159821251
159286678
159925806
156210055
155783981
156202851
156454683
156237221
156603573
156424609
155969796
155824092
155475223
155261130
155531705
155387186
155347631
155121668
154678465
153569375
154579298
155220094
156044481
156668794
157381811
158325162
156681887
153114857
152288896
150941750
149822012
149198698
148199108
147174999
147071055
146498038
145981501
145543298
144529134
143825469
143272173
142683230
142196861
141284326
140298161
139676996
139265570
138627756
138346295
136900298
136195744
136304928
135063579
134201710
133526045
132337140
131094531
130371829
128985813
128443018
127780223
127021613
126052726
125134043
123976268
123216048
122121013
121271607
120093313
119065519
119907831
120636700
121118588
122751900
124159378
124806377
126511022
128478000
130194514
132317603
134346321
135854726
137729277
138567145
139682662
140656068
141827546
142847896
143936690
144502486
145853335
147230573
148164071
148672959
148403089
147995312
147506442
147253554
146851685
146655630
146383056
145816372
145568946
144756689
144205524
144168746
144242116
143998543
143949413
144174339
143040674
141980788
141006104
140025883
138543868
137120389
136369669
135364467
133963192
132621713
131279846
131838808
132782343
133453638
134088821
134682006
137422296
137988777
138908793
140497438
140351754
140723568
141231899
141870436
143757117
145483132
147768146
149532068
151320639
153780448
155586797
157503404
159537919
161356081
163207300
162953004
163053708
162922319
162868819
162627338
160428657
160394453
160248417
158842642
158910679
156926072
154887409
152697098
151013102
148991847
146808944
144884578
143144952
140870863
138977034
137359649
135432986
133782507
132013992
130198144
128212130
126433929
124391230
123065085
121228644
119511611
117973391
127828557
127392687
127972556
128227519
128638203
128846721
129071850
129348016
131890030
132292269
130798625
131000846
133095564
133388879
133346046
133609415
134556358
135853855
136928927
138092665
142425378
144267505
145509317
154442447
152078896
154622484
152912524
151536972
151534712
152057785
152315284
151970285
152556692
152762821
150285067
146506223
146421889
150196659
150310807
150331511
150487567
151000713
150987455
151998656
151547305
151482509
148247719
147563276
147424109
139518477
141193251
142395212
144144505
145589150
146378926
151715397
153323431
155472204
156373684
157845329
159712973
161068212
161840599
161973487
162329820
163077282
164145335
164392167
164576778
163288911
163851706
164275150
164090557
164188502
164224168
164036798
162043006
160957508
159236567
157998069
156846387
158131829
156002092
154150244
151896045
150102919
147954978
146098353
144672893
143666765
142446268
141164937
139971143
138309776
138277998
136683798
135316523
134275581
132551973
130951069
129696441
128903369
127462206
127293965
126888632
126642262
126529670
126348967
126484985
125568783
125397266
125711320
125759450
126016042
126053264
126269727
126387448
126512318
126658781
126774892
127246798
126956743
126992335
127487131
127383187
127427650
128755184
128578018
127847075
127841649
127893278
127935834
127979130
129055202
129073980
128810517
129139998
129270609
129027647
129100221
128942517
128956573
128880406
128835314
128780332
128951313
128751517
128484092
127709760
127786686
127454335
127565761
127377168
126325152
126219949
126289892
126243189
126249782
126155671
126437355
125445043
125239488
125503635
125294210
125074581
125028599
125013877
125019914
125320210
125249692
125322858
125360080
125270340
125314450
125554913
125549006
125579672
125516432
125453080
126129208
126085319
126092874
126344874
126343744
126245837
126267726
125969356
126021338
126018726
125751061
125723635
125815431
125850968
126099060
126085375
126730984
128008760
129221554
130416422
131907770
133383989
134799913
136101410
137377019
138694257
139708737
141678084
143429765
144811800
146113316
147888479
149129088
150852621
152525636
153945670
155660871
157318589
158784197
160500731
162061210
163767761
164902611
165068907
165157425
165094204
165436055
165280240
165002074
165174074
165293369
165355166
165503221
164556871
164328390
164360779
164378631
164280020
163940187
163751836
163496503
163413596
163240059
163062263
162715246
162421616
162226524
161722469
161220804
161187711
160963249
160675064
160602861
160620713
159970696
159459789
159072993
158814438
158759031
158417680
158151459
157622366
157188867
156668498
156325017
156174203
155869833
156529591
156215054
155874963
155761315
155458741
155475445
155323390
155522927
155487500
155816907
156299222
157465219
160353213
163035337
161614433
162494986
164020095
165412758
166891533
168896140
170375674
172183559
173580279
175365868
177287012
178467343
180266747
181304634
182704020
184682257
185969754
187413510
188567804
189692987
191445890
192522296
193476016
194337293
194636977
192865443
187055937
187688547
187471862
186919881
186755270
186081772
186086772
188062546
187074530
185519626
184124943
183123667
181507170
179893692
178905676
177478122
176600217
175674904
174778350
173919093
172658928
171585542
170728155
169680546
168751992
167855198
166818237
165754980
164789963
163788706
162811671
162468820
168031382
163337355
163222670
161022767
160942471
160972897
161419636
161838766
162034247
162480301
162942375
163291559
163430874
163670002
163784947
165597925
164196612
163194615
162757116
159920436
158518569
157118368
155870833
154373558
152644173
150172845
151546230
153483060
145553725
134206747
132434195
130513625
128348667
126460467
124080768
121729754
119527481
117640040
115553118
113578326
110375777
110591591
110192759
106237656
106480878
106473933
106425192
106673451
107570172
108384299
109350149
110742906
112016033
113248734
114597565
115595304
116665394
118014632
119003482
120318905
121193533
122342864
122352549
122284197
120835904
120319591
119823536
119504925
119183482
119028333
118662668
118390020
117623485
116980374
116155636
115101582
114180214
113032623
112246292
111401238
110697091
109368187
108852558
108144726
107493450
106572340
106737877
103759846
104018363
104236845
104400844
104616178
104815529
104938344
105066362
105151732
105239417
105285324
105235010
105210102
105236750
105125547
105061825
104969381
104951510
104768862
104536381
104482215
104311900
104161845
104056642
103951493
103829956
103752753
103652087
103516995
103512995
103489513
103479032
103432643
103372031
103385625
103283162
103243977
103219476
103186366
103215088
103181292
103267347
103277476
103293236
103310865
103358791
103287069
103383050
103381254
103465476
103515773
103474994
103501328
103519939
103618198
103682883
103687772
103680531
103706772
103689716
103613587
103651457
103536291
103625273
103543958
103594772
103578772
103705217
103649253
103660791
103593550
103554254
103500050
103348180
103360347
103270180
103427162
103312495
103771216
104245974
104345474
105218305
106496452
107745800
108924557
110314980
111541626
112919901
114253066
115657415
116805208
118220724
119530259
120749849
122125160
123338603
124769673
126218060
127521427
128752536
130112052
130787218
131657289
132984213
133467304
133619767
133675229
133731378
133672415
133810007
133739582
133841637
133789544
133861229
133682415
133810026
133966970
133958840
134222285
134026655
134136692
134058470
133990507
134084970
134512136
134485506
134303247
134039081
134034655
134046396
134083340
134006803
133974581
133931562
133824544
133885785
134039767
134408118
137098111
139381015
142608304
142591119
145329021
147599110
150129956
152591210
154815816
156988849
159397622
162819301
165647295
168139679
170700599
173109225
175586830
178140214
180789987
183408703
185147996
185685051
186199809
182637261
184390960
181478911
181967669
179998729
177962752
176179347
174307629
172562596
170632655
168635456
165652591
163686984
161636562
158023810
154484058
150846769
147157369
143410062
139524070
136422910
134650820
132672658
130867846
127623612
126054005
124604767
122948344
121620717
120188590
118532631
117171948
115741600
114191547
112953365
111427182
109621631
109842575
110109870
110355147
110721202
110941868
111056720
111331571
111373460
111493423
111447515
111688682
111722960
111757367
111625997
111604497
111514016
111497386
111417238
111422627
111274053
111265405
111291164
111350478
111268942
111207053
111261997
110901146
110958684
111032572
111108294
111214738
111180312
111417312
111199128
111053442
111230386
111385183
111404812
111480126
111441442
112321014
113132142
113132123
113086623
113222678
113195864
113307160
113054568
113030253
112881475
112716439
112621346
112568884
112430069
112459329
112203626
112142014
112103107
111928218
111784126
111650459
111534478
111405405
110269870
109611927
109410019
109338446
109043965
108950725
109052261
109148687
109357704
109887611
109926796
110044000
109967204
109992889
109998907
111759200
113545641
114784157
116196209
117543522
119237944
120924571
122646012
124238267
125885653
127191224
128917555
130367922
130083459
129611831
129317831
128913999
127997834
127724575
128842740
130209274
131610067
133050361
132465713
132101566
132340825
132349270
132388658
132307363
131872845
131709956
131522087
131250439
131275123
130988569
130217403
130177348
130214681
130200570
130216385
130209367
130163904
128481037
126749596
125029228
123168417
121511051
119865665
118048947
116302209
114821360
113008345
111274219
109402964
107705209
105968823
104267345
102539996
101642554
101584202
101588054
101535202
101470109
101467202
103122421
103187385
103178088
103120569
103231440
103241292
103209625
103246495
103248162
103017089
103084236
103125791
103169922
103252106
103193088
103232625
103234940
103324069
103406013
103416735
103496069
103635180
103775012
106575452
106585544
106559285
106514044
106575266
106537488
106565655
106585118
106604711
106556359
106561525
106811859
106646914
106618266
106590618
106655655
106662710
106628692
108134874
109745056
111328386
112951179
114739823
116549283
118331372
120464479
122331513
124055527
125783542
127839761
129521331
131194161
132759732
134412692
135462727
136483853
137562648
138430702
138383443
138473943
138505257
138523924
137081112
135494430
133888896
132265937
130640681
128560963
126858040
124939488
123213936
121650495
119998091
117915114
117913039
117962336
118138910
118267983
119145370
119446388
120270072
140195772
140294513
141392789
142203435
142078953
141880325
141725603
141547362
141378177
141191548
141035141
140844827
140657900
140423938
140218068
139961791
139751514
138111350
136337706
134462192
132765084
130744087
128992869
126945947
106003823
105345806
104370456
103492624
103531439
103571161
103565846
104687714
106287378
107703912
109039242
111077239
112961512
114969472
118953056
123291325
127690446
131740901
135604541
141119863
145079689
146785426
149006199
150960010
154237448
156284832
156867628
157512756
158163939
158788272
159387807
158799345
157874607
157145201
156362480
155300334
153760745
152650506
149198476
145668502
141851621
138703497
135346226
129982886
127058132
126116782
124261563
123332343
120627349
119509481
119397870
120435349
123520806
123409787
123276306
124390082
124371119
126580874
128748147
128797758
129666738
130639180
131450809
131971863
133389712
134112692
134359155
137631629
139236644
139415459
141582140
141212289
141069159
143255081
136584169
133490064
133771544
133980562
133459157
133555619
131200309
128834647
128494963
127443595
126101153
125291320
124350490
122605252
121576421
120918607
117411466
115858228
114250103
112577198
114246028
114162232
111535959
112079737
113454678
113754455
114262881
118053743
122742178
122565345
122456437
123003678
123096159
122791400
122817734
123653695
123909546
123807102
124654081
125012562
125242525
125750005
125929523
129191665
129144665
129138462
128885073
128592240
126766929
126169893
126127653
128936406
126722763
122363141
122744326
123495491
123319288
123705862
123901638
124965952
124878415
125238265
125516135
125238135
125042099
125038469
125886079
126138820
126282467
127082040
127855186
128421666
128918258
129361128
133191120
133097639
132992176
132880213
132886121
134650321
135368245
137148352
139769569
141740047
143151748
144903189
146504112
148864977
151437638
155152798
156449202
157090590
158904235
159036401
158365994
157660589
157275682
156709683
156202295
158093680
156923609
156134462
155745019
155072298
154198503
151599156
150071271
148077701
144755522
141925603
139685792
137555185
135360856
133033120
130159645
126013561
124572137
122339345
120434664
119568962
119245537
118999074
118681982
118641279
118819945
119093704
119256036
119251963
119366518
119664443
120080220
120110295
120282183
120679885
120748645
121153255
121485847
121210496
121112811
120486035
120376720
120719959
120647534
121400884
121363829
121763013
121964383
122167994
122304142
122504382
122387975
122494937
122508789
122746085
123007381
122872011
123017881
123116900
123287713
123003047
123203380
123173455
123971323
124106398
124431934
124587396
124762562
124691989
124933544
125397099
126011134
126061653
126035893
126260893
126629540
126579837
126789225
126746540
126618300
128339833
128254278
128191518
128278667
128122370
127857094
127750853
127925871
127640779
127003744
126867077
126846743
126666503
126719892
126879465
126329911
125416840
125199265
125102544
124938895
124874303
124746692
124927303
124743507
124705545
124476841
123043232
122689326
122937289
122385956
122678493
122996659
123093195
122924770
123024399
122920973
123020344
122855085
122880103
123095714
122858659
123182825
122982493
122983936
123222047
123565120
125445561
125579598
125164414
124935525
124734785
125079784
124774322
125742542
125661283
125743746
125473024
125376376
125267692
125194766
125116802
125119839
126531818
128470555
130138366
132453918
134080099
136058003
138263073
140950789
142896749
144617986
150168808
151866045
153558727
156038740
158216051
160049565
162129562
164344686
165689184
167857865
170086249
172306374
174331555
176003366
177902270
179641823
181317818
181677540
181916799
181773707
181842300
181915855
181739429
181490781
180911987
180578857
180671079
180190747
180441524
180664005
180380580
180732005
180754431
180618561
180501487
177577715
177801622
176648421
175642034
174585721
174243481
174597091
174301833
174890425
174478018
173430076
172349467
171246136
170760821
169891434
168981955
168582437
167625736
166837107
165715999
164781001
164095854
163884854
163893077
163242633
162192616
157664200
156452091
156583998
156548054
156621017
157570996
156161518
156043999
154407466
154247244
155009020
156186017
156347980
156040536
155936074
155426334
155194131
155953259
155980333
163211003
164006187
163816040
163554003
162689764
163582650
164305186
165097777
165251851
165678017
166114165
166298201
166046776
166207256
166469793
167152440
168130753
168515437
168395974
167960476
167489735
166320646
165381259
164475334
162559949
155558649
153359153
152044804
151264732
150848028
150130234
148918644
148309701
147256091
146974759
146408945
145557539
144983504
144262801
144387967
142869155
139839902
138177961
136480261
134183395
133564767
132835731
132706231
132489751
132214862
132012789
131716049
131310938
130973921
130313810
129515757
128541629
127781057
126449226
125656320
124383119
123405732
122408938
121517773
121606661
120051702
120011720
119931869
119833795
119823702
119720146
119688869
119823906
119972294
120095072
120250405
120271923
120259720
120378682
120675331
120484905
120372035
120268831
121014033
121091959
120979756
120803145
120801737
120774497
120523572
119249407
119412389
119536073
119572536
119726961
119647481
120157184
120009850
120123164
120190183
120093109
119881776
119792573
119634647
119470851
119248111
119213444
119350592
119377796
118574335
118419909
118481001
118677093
118814593
118983389
119031982
118934870
118970963
118856278
118740816
118655964
118392261
118269261
118209594
118213409
118187113
118257075
118364483
118573446
118641742
118597964
118538593
118310946
118328187
118194446
118266446
118186705
118620945
118667501
118592446
118560391
118702964
118774798
118843500
119008389
119161889
119259074
119045038
119133741
118993686
118896185
118919630
118863371
118756538
118896723
118960908
119097852
119235944
119425203
119447870
119503852
119612870
119561739
119099278
118973222
118963296
118810852
118884833
118829167
120017701
121205921
122343345
123733954
125142229
126332393
127580743
128967443
130237274
132061419
133176379
134186914
135702115
136867316
138222073
139444922
140915086
142443045
143513006
145295873
146540648
147976127
149320180
150598955
151699509
152854358
152925135
153116024
153185487
153266412
153196190
153343579
153378153
153405912
151991192
150475456
149307236
148172034
146662259
145488798
144084709
143116488
141772306
140411623
139061589
137259704
135877393
135276801
133845915
132431733
131109161
129734163
128437666
127296779
126290170
125195562
125381487
124528267
123731435
127199946
128834276
131074809
133055139
134907116
136980205
139648440
141449714
141547899
141585955
141592029
141603806
143618080
144713040
145419947
147297665
148568625
150120456
150672899
151625842
151892730
152172007
152158081
151368249
150911398
150175456
146288371
144653319
143120507
141148640
139972107
138153202
135753429
135996892
138210554
140610827
142451194
144076746
143861006
145058244
145726317
146937221
147544609
147889387
149823735
149089198
149918938
149938438
150583974
151049084
151950971
153049394
153813985
154858891
155569279
156346925
156488665
157404385
158237143
157259646
155091835
154863150
154391669
153729245
153401375
153162468
153381968
152028786
152311914
152236247
151651324
152947210
153494801
154762539
155411260
156193036
156871757
157506626
158778031
159508270
160339213
161575655
162753968
163591502
164411112
163211559
162186487
161016564
159995603
158793512
157894718
155841296
154244503
152325878
150270512
148318163
146450890
144504800
142999896
140671216
138869608
137199000
136880502
135996780
135123504
134164933
133163342
132462603
131459420
130313052
129847015
131017050
131999029
132900935
133665434
135158894
135959318
136748576
137549241
138821164
139975754
141367196
142803063
143850061
144687763
145873520
147252777
148120164
151731175
151529601
151722286
151670434
151512361
153074024
153267246
153652004
153744375
154580873
154918243
155620945
155733427
155792037
156663499
156668128
156910627
157286163
157615774
165809480
168749678
169614657
170591951
171372190
171785542
172748410
176476366
176526625
177392882
177450660
178391454
179222990
178426973
178811194
179196323
179624489
179502341
179763044
178808546
177797400
176409070
174555184
173694389
172506077
171643802
169210010
160038417
157316016
155562815
154233188
152680450
151237806
150005437
148480496
146361834
144717504
143249988
141885695
140219495
138610146
137040223
135428263
133801508
132139678
130534773
131048809
130914865
131002827
130789384
131503234
131274216
131811901
131784974
131565178
131570493
131388938
131525049
131145309
131062920
130585181
130641828
130631773
131503326
131369420
131059550
130899458
130816495
130877199
130829477
130893069
130920310
130714124
129907849
129816330
129587220
129566331
129367480
129154127
128322926
128225241
128117649
128283704
128064667
128022742
128208574
128248464
128041093
127858445
127727723
127050132
127334668
127379576
127487650
127563354
127724723
127855834
128138148
128149722
128423315
128610184
128609703
130488828
130276292
130418774
130573791
130763199
130861865
130986902
130829903
130719403
130857495
131217864
131291216
131336994
131544123
131629475
132125288
131918659
131931548
131817641
131884752
131648122
131648252
131180994
131182013
131069717
130941032
130901458
133973674
133753081
133703156
133537323
133337175
133493027
133272064
133066138
133067750
132992323
132743177
132514973
132492714
132460140
131891641
131492364
130425811
129976349
129470109
128957592
128370500
127853371
127487928
127185651
126708726
126388800
126116301
126278893
125670524
125276784
124875137
124611693
124632951
124206508
124226916
124095676
123953472
123628232
123240585
124595544
125734468
127383558
132136677
133827007
135790688
137932350
139708995
141749788
144020395
146382778
148053090
150155882
152360396
154124541
155972944
156802127
158661439
160121973
161922655
163631206
165238759
166540274
167617143
169014751
170432340
171938912
173389371
175726127
177941622
179787007
186175402
188188564
190442652
192496018
194189107
196386751
198285914
200090077
201847166
202820591
210165928
210389908
211543368
212409830
214234178
215176343
216702599
218129929
219289612
220771647
223281049
224793472
226319209
227605596
229356666
230619775
229618887
228849056
227595318
226958263
225275379
223924529
224099362
224051066
223247012
220911184
218804003
216073378
215074898
217570931
213431124
213313995
212572108
211715146
210195631
209664150
208422394
207054508
205917991
204495902
202275462
201291852
199942429
199164227
197905323
196744529
195541587
196640695
195414235
193190406
192256889
190490781
188017028
185767310
183518795
183325981
183120519
183316629
182851501
182559539
181421449
180960894
180652894
180405969
179795174
179045102
178861287
178538454
178364065
178053492
177721159
177771233
183693574
184583312
184954626
185266329
190624300
195315253
194518848
193930053
193292387
192791629
192663500
192289500
191429465
190849873
190171097
189411765
188921044
188944248
189407618
189637617
190143801
191390113
192358926
193582201
194719199
195615031
196377140
196959583
196719047
196024622
199231690
202395184
199515504
196793676
195113254
193445628
196337400
193557757
196488085
200249059
196217826
196378844
196010919
195642475
195368921
194948884
194925383
194996477
194874736
194767977
193979886
193551590
192659203
191330095
189653543
187441121
185376569
183297389
180912968
178497621
175982200
174234259
174038834
173053946
173028594
172644299
172436041
172533577
172517800
172440059
171998578
171821301
170635063
170161601
169213362
169022621
168790437
168778567
168518511
168373974
167670902
167204551
167446791
167266366
167329347
167599903
167435569
167787180
167749531
168090549
168457104
168652067
168844548
168898177
169358288
169702546
169174733
168445049
168663881
168376160
167901031
167579254
167409495
167548531
167145274
167800938
167689476
167852069
168208715
168483475
169381176
169389917
169452768
169647028
169826842
170167101
170486637
170511767
170656618
171402784
171367320
171783449
171193821
171044136
170699803
170211656
170036452
169802638
169630861
169224381
169707546
169371972
171324839
170797710
170146137
170076471
169865453
169572194
168961511
168713103
168023309
167695605
167048181
166790978
167338588
168991863
169767749
170642007
171283728
172147411
172736392
173111502
173980889
174526481
174744017
175884663
176684699
177822270
178969842
180076914
181155393
181829040
182309984
182337169
182372539
181403596
181387429
184399924
183685499
183511981
183841554
183392166
183314889
183185704
183217259
183207537
183173037
183209333
183077167
182835557
181655170
179082472
177747381
176478773
175121646
174122815
173081798
172002189
170665655
169546009
168269790
166801330
165574369
164194168
162975356
161789192
160792101
159882658
159334919
159522788
159554492
159484567
159840029
159676344
159667862
159665733
159479677
159670659
159781714
159716251
159931714
159958325
160031917
160029917
160158695
160077065
159896140
159856714
160009380
159996344
160034732
159974917
159969251
159900585
159885491
159741122
159728492
159815529
159935325
160023621
160001936
160057677
159944528
160000418
160032806
160116899
161862840
162017840
161767081
161746358
161685896
161721858
161853062
161913561
161813025
161905488
161711636
161799007
161864043
161708914
161726451
161731636
161758895
161717191
161724043
161735303
161816340
161863932
161836136
161932692
161907858
161983025
161912488
161885413
161661710
161624784
161676285
161679414
161661840
161681562
161805358
161782247
164642353
164439260
164169039
164003761
164050705
164308446
164408501
164259520
164194983
164375298
164340594
166154312
166575479
173221428
175306442
176172237
176606736
176936883
177456697
177635400
178781621
178982749
179339545
181234208
181897984
182655316
183340685
184569386
185304126
186742678
187350362
188656933
189678802
191040910
191306391
191591668
191909168
192507018
192805443
193472943
193739294
194035034
194242126
194793236
196949324
197442527
197555897
196068178
196196882
195965863
189437747
187509399
187305436
187468566
187305529
187320029
187310121
186713086
186471420
186414623
184746997
184218998
183634333
183171908
182399872
181877188
180925153
180529042
179531267
178634139
177367993
177025494
176845087
176533588
176272200
176065459
175864256
175831052
175846830
175786422
176009551
174111537
174401370
174463370
174501906
174461296
174367499
174343999
174479352
174150537
173870075
173715742
173454038
173235909
172822299
172577522
172616299
172584374
172654874
172617188
172737244
172693207
172934910
172811410
173143761
173116965
173395354
173472038
173639112
173615649
174160092
174330462
174290907
174232555
174305759
173983426
173885759
173322316
173337742
172554299
172321060
172327837
172233319
172387059
172477374
172478170
172387170
172592040
172721744
172957095
173316891
173591001
173731611
173684835
173876982
173629445
173712149
173716575
178418584
178743768
180114284
180046414
180895301
180854801
181182078
181341875
181700466
181447578
181760762
181945484
182351095
182410224
182818445
182938482
183589833
183629222
184077794
184350776
184619627
184665849
185178811
185191978
185336681
185619106
185812569
185859254
186133587
186056420
186198994
186382438
186698363
186694864
187078677
187582492
187996361
183389296
183191852
182129688
182204910
182013762
182098818
181944169
181767374
181864373
181690615
181739651
182505520
185170145
187648584
189626265
191924778
193759941
195882270
198216007
200247150
202211851
204435605
206574527
208106653
209564058
211190463
211257333
210947296
210655630
210622130
210229964
210238853
209876854
209846428
209481559
209025022
208747448
208073227
207794450
207387544
206879730
206256102
206056676
205692603
205506881
205114548
204838623
204783586
203608256
200648335
198035859
195839864
194013923
197764693
195107846
192630482
191055855
188601452
186522346
184503442
182756482
181023450
179152804
178899323
178827564
178720657
178961583
179238416
179223545
179203749
178928138
178783713
178527713
178289066
178091103
178049677
178611269
178547621
178632991
180458857
180319154
180724672
180446136
180416358
180206692
180248376
180128803
180112970
179449581
179137583
173199001
173735538
174962572
174765017
174873387
174831906
173990167
174096389
173937056
173719204
173691593
173607686
173489242
173193835
172758280
172480521
172408596
172662947
172627800
173475613
173482908
174066797
174000593
173896111
174139259
174183722
176753494
176736310
176623717
176357181
176309681
176182181
176405791
176408699
176772662
176713439
176810828
176931439
176843846
176390292
179500433
179269434
179976266
180204266
180291599
180621154
180815542
181157042
181485152
181665299
181779614
181786892
181761466
182478483
182527409
182632964
182503927
182436650
181795188
181772818
181655818
181517411
181450448
181491485
181572374
181876059
182022003
182208039
182568724
182715649
183154685
183091112
182935130
182677446
182662168
182432483
182479650
182577798
182481557
182425928
182458946
182015762
182070521
181893299
181767521
182538965
183639148
184860774
186255827
187979380
189273543
190700170
191405094
192815629
194393496
195894474
197304675
198870228
200364410
201436426
202881553
204156088
208010580
209389225
210374779
211613794
213051663
213985919
215353639
216312600
217596189
218944613
220345536
222101088
223444827
224812157
226299617
227644911
228984000
230230405
231416347
232708308
234020101
235636635
235678357
235677431
235560857
235791006
235693301
235479746
235280266
235586524
235565894
235564746
235426505
235393951
235484061
235485543
235647413
236035338
235931727
239674701
239432924
241354012
241721067
242127381
242512695
242604139
242432548
242451140
242472918
242532140
242557177
242279362
242023344
242212584
242221103
241954530
241801475
241561623
241342457
241154365
240924680
240557310
240633402
240437032
240151034
239806700
239067794
237619409
236332393
234653044
233030584
231451569
230005202
228786649
227922761
226380839
224802842
222998290
221578959
219937741
218594170
214979639
213274384
211408832
209466539
208141801
206554213
205049549
203572829
202249018
200689150
199254598
197754934
196290288
194827902
193722571
192323019
191124410
189834191
188529953
187338362
185928736
184566109
183276167
182000373
180693172
180179414
180319302
180272728
180424784
180338617
180238784
180249284
179927007
179177527
179139601
179022731
179021434
178993731
178892712
178816286
178672899
178680269
178665084
178561417
178465509
178332455
178628806
178949379
179128786
179464712
179756359
180765042
180641672
180572839
180458709
180459210
180338562
180898912
181071727
180914727
180867135
180857524
181144431
183761740
183584054
183576906
183523888
183526036
183459129
183536685
183529462
183438889
183392481
184389627
184385090
184401387
184403850
184409609
184537572
184603331
184700089
187492028
187422992
187516658
187604473
188357286
188031398
187691955
187434788
187093973
187086696
186054569
185985643
187514992
187608010
187716862
187893750
187497566
187788158
187740214
187854954
188186916
187553584
190609226
190007579
190069116
190227690
191698039
191749038
191955353
191969315
192101815
192269130
192322519
191351021
191445225
191542205
191679187
191779724
191845279
192121464
192131519
195180735
194016108
194103089
194202978
194269756
193624386
193646739
193699812
193741387
193876683
193696664
193973738
193211554
192585870
192505241
192509222
192580019
194135904
195264475
196890806
198310136
199545985
201043353
202474387
203784699
205280918
206692286
207049804
208218487
209604632
211103351
212626200
214001549
215488138
216918284
218397318
219866370
221382608
222932013
224133918
225538303
227062894
228428186
230000869
231362477
232716603
234130694
235397932
236724651
238090075
239604534
240986662
242324695
243705526
245184079
246637687
248191369
249517348
250732642
250460549
256216760
256421167
256460648
256708666
256345074
256510926
256756130
256460907
256398334
256307038
257015740
256730129
256562259
256282890
256336297
256402685
256430890
256657074
256560093
256586148
256509612
256636834
256823703
255547724
254042060
253059433
251589195
250119902
248691997
247405278
246043002
244438117
243067305
241568975
240174904
238729537
237531205
236032190
234601656
233104474
231529106
231958383
234057453
236507448
234243879
232657586
231024848
229669258
228213538
226791541
225135490
223608937
222169940
220649610
218709465
217457653
216165174
214743177
213243884
211715517
210244593
208640115
207124878
205704844
204567568
203079645
201501538
201435556
201411352
201067409
201004835
201063649
201128668
201097908
201162242
201185057
201148798
201043279
200934650
200825705
201332316
201616019
203478182
204297513
205212270
208445431
208870726
210568500
210874463
211030666
210948870
211783461
211778239
212521404
212996681
213379217
214218104
214294049
214405307
214458807
214533271
214950195
214906955
215133103
215366547
215407750
215495972
215644230
215667879
215520083
215533620
215529416
215712009
215616879
216068081
216072915
216040453
216008731
216124712
216166748
216437822
216480563
216631674
216690100
217017654
216104101
215904620
213731661
213379550
212641904
212312683
211660128
209968095
209816724
209388855
209350689
208686208
208303561
207594636
207117563
206729638
205959288
205701140
205607381
205595825
205492510
205220733
205142882
204989919
204846957
204754327
204680883
204703864
204543550
204557809
204648975
204620179
205679806
205580288
206464101
210638037
210841204
210961185
211221129
211261610
211230240
211286870
211480647
211571573
211573369
211665387
211766869
211813257
212717941
214290511
215913323
217658690
219456334
221235367
222898846
224406972
226824745
229767277
233137251
235986467
238971684
242205436
243833544
245357578
246541057
246889890
247417037
247912592
248722293
249189330
249676329
250108773
250835604
251996176
252945285
253084433
253101247
253421432
253995690
253354395
249636200
249834143
250528216
250662475
250705012
250796086
250730882
250757326
250574752
250421605
250378791
250143532
249975532
248917979
247309704
245653560
243984878
242064474
239962070
238252778
237643261
236514244
234584897
232324586
230584146
228976186
226820301
225841673
225349970
224831379
225071526
225151230
225216082
225083842
225204026
225327915
225450378
225121674
225213323
224842731
224999434
225241285
224946694
224949434
225648395
225217267
224946286
224288139
223933770
223921733
223887548
224519528
224509287
224670268
224877620
225059897
225257711
225692414
227985595
229766851
231148311
232626141
234768025
236411634
238146241
238223111
238307834
239201406
239284368
239706312
239523183
241577753
241195939
240886976
242024677
242531658
242411658
243206804
243735989
244714524
245878892
246752372
247658555
247986425
248729275
249434996
250482587
250498068
251406714
252011121
253301469
254587893
256158742
257554720
258607774
260003845
260704510
262024082
261988637
262114619
262121044
261993101
261493287
259034032
257273628
255658446
254058932
252021176
249327237
247338315
246252780
244869932
242717899
241457198
239875404
238478537
235049858
234698785
234292934
233786898
233894545
234569026
234365563
234333063
233638176
233858176
233500343
232944141
233318362
233813064
234851988
234886711
236247356
236240356
236957762
237335909
238559092
239023702
240622329
241785197
242786991
244077618
245667133
247874518
249954995
252382657
254737504
257094592
259663031
261805230
263169728
278112901
276635719
278286049
280394859
280347323
282578910
284411925
286419329
288250658
290135118
292307242
293682166
293967017
293400296
292844908
292431335
291864817
291097319
289704433
288228066
287134012
285550738
283638112
281334098
279532046
277333550
275514739
273305281
271125730
268419550
266124685
263087395
260378362
257898978
255305243
252459157
250127143
247973647
246801964
244385117
242072585
239785497
237988853
236771911
239460405
242273603
245011190
235710653
234144231
235214561
229203000
227336189
225722507
224036547
222400402
220729202
218771243
217338450
216155378
215663620
215226472
214590585
214077049
214195419
214033864
214182104
214315067
214477826
214662974
214819473
215155343
215337380
215476139
215640138
215725675
215825638
215795583
215814453
215980157
216040712
216522563
216233286
216255045
216026952
215081380
215072732
215408843
215357065
215352658
215195825
215089973
214909177
214808269
214668603
214617585
212069090
211742091
211465720
211390536
211165907
211163443
210980296
210988648
210763389
210621445
210316038
210257057
210039650
210067242
209649355
209650428
209653688
209573707
209537021
209534836
209536058
209196855
209094911
209025449
209013041
208997893
209371225
209456114
209438262
209776372
210001501
209636836
209669743
209661780
209645336
209647262
209613113
209278392
209181800
209155170
209099448
209156355
209122800
209181855
209217392
209269078
209293763
209334318
209400855
212348404
212337256
212241127
212289256
212287182
212384497
212483089
213000921
212873237
212944218
212863922
212825200
212793310
212762663
212814830
212748181
212707237
212634404
212582330
212564534
212546108
213137921
214779288
215865934
217388579
218903039
219810666
221430830
223038216
224475009
226013433
227543244
229446277
230705941
232304568
233822824
235369394
236905188
238594388
240212607
241733105
243203768
244785579
246230650
247833388
249233404
253335710
254241394
255790539
257926053
259358421
260791399
262511433
263971670
265190650
266667424
268112458
269678270
271645303
272984745
274537742
276034498
277668236
279195510
280910062
282405337
284050222
286042719
286785513
286470977
286657920
287770086
287576808
287558345
288935286
302111315
305136532
307671545
310186725
312904201
316447065
318859244
319525225
318074265
316683304
315086456
313531755
312059647
310576335
309037858
307583915
306077512
304619181
302928110
301361113
299965357
298025286
296597734
295133385
293859054
292409817
290964023
289643859
288193511
286995161
285878274
284628684
283407723
281911727
280436822
279356639
277792068
276380812
274835130
273387836
271754599
270530250
269113863
266695720
265500241
263971226
261053806
258777848
251558917
247290426
243078194
239253610
234896063
230042757
226062043
223942122
223926270
223915029
223704067
223604326
223530623
223384753
223218234
223114919
222937939
222819105
222708606
222501402
222337144
222121088
221937607
221732829
221424905
221147739
221025238
220777832
220620517
220296036
219533149
219217446
218859539
218625670
218401281
217796931
217600912
217735468
217532097
217235764
217308913
217567023
217124246
217186616
217584282
217337931
217170710
217229802
216646655
216463544
216164248
216063063
215702046
215721082
215699953
215687397
215639120
215530527
215563435
215553620
215612380
215657435
215703934
216177989
216191618
216182527
216236600
216523470
216664081
219286816
219426538
219561742
219564500
219706074
219725649
219805371
220161555
220210555
220576147
220752980
220885516
221065386
221194479
221346405
221715386
221497553
221609533
221626756
221495793
221710848
221524071
221431757
221562108
221569960
221799293
221848792
222070422
222135422
222780827
222728458
222899902
223106994
223098068
223107401
223448807
223346623
223408956
223573141
223626548
223694825
223681049
224645101
225954228
227328911
228973852
230011573
231948327
236236708
236644725
237914167
239696516
240982791
242233177
243610952
245425727
246311299
247860129
248860089
250587920
252266379
253452247
254725282
256454389
257448517
259209106
260513011
261893360
263150561
264539114
266140814
267505849
268565717
269858862
270983619
272732635
273902650
275294166
276139387
277868105
279055381
280637637
282017115
283295336
284412481
287353993
288666510
289857692
291144134
292933834
294149054
294107646
294612923
294405905
294753460
294692738
294082998
294329387
294646701
294734089
294286831
294283183
294697534
294553034
294466108
294743127
294335035
294822312
294327369
294216165
294416516
294711886
294507220
294332257
294275998
294417831
294625257
294501849
294474146
294337387
294297405
294157128
294373849
294354628
294190757
294444776
294467590
294850237
294254294
294639220
293943240
294242998
294445201
294544572
293231741
293166222
293581888
293559444
293001482
293629666
293740074
293431574
293490370
293183889
293436444
293588296
293608852
293037260
293302963
293335222
293451370
293412019
293570092
295794902
295473829
295533236
297412807
299675987
299470747
299521154
301370465
301154632
301489151
301610686
301810131
301355280
301416428
301491928
301480484
301568428
301513946
301558502
301589854
301488891
301107966
300973207
300615449
300640282
300255153
300457041
300215949
300223709
300113134
299888820
299809746
299401599
299308655
299440414
298835729
298763192
298652471
298546971
298669063
298393972
298338046
298234361
298204750
297935287
297853158
297822232
297654640
297545529
300913078
301034928
301117577
301304225
304938495
304873884
308666191
308653894
308755468
308495302
312153684
312155017
312263387
312209628
312030796
311698703
311710277
311658611
311120371
311252649
311240797
311509538
311446685
311368797
311236427
311298315
311284352
311401760
311481463
311529556
311627056
311769352
311583648
311541871
311538148
311519481
319825279
320050594
321087259
320856741
320150372
323467643
322675422
321936276
321438443
321142277
320472704
319737372
319252263
318950578
317645839
317228471
332724532
330215518
331237905
332029533
330382981
329866500
328413503
327040895
325541472
324006846
322680922
321320110
320102890
318910633
317405229
315970139
314563661
313699533
312792609
313646903
314014662
315824176
316021639
316897860
317358359
315977751
314730901
313526089
312274610
311035890
309859577
308375118
306867620
306121660
304793199
303423831
302005371
292601187
290892208
288182955
287868233
287416345
283531224
283241779
282707355
281927838
281032025
280470841
280065397
279626935
278766789
278737807
278136586
276314257
279629657
281320098
272352561
270346121
268122458
268372680
267675608
267845515
267884477
268021921
267894847
268196717
268245069
268521662
268408031
268809235
268818235
268862957
268802902
269081919
266957146
265417816
262484711
260708825
258799014
256925036
256985851
256838758
256810389
256726519
256498815
256712759
257022869
256975222
256477537
256612722
256726389
256924814
256683648
256958463
257011480
257084907
256562945
256602519
256262316
256518408
256887704
257066444
260085771
261663656
265042112
265139872
265202001
264955891
265046779
265230408
265281501
265067094
265289094
265434649
265438871
265939407
266940553
266849942
267293904
267308515
267226812
267161386
267051165
267048461
266537480
266492332
266227314
267077053
267369608
268931698
270759490
272248154
273594428
275128926
276468368
278390752
279679027
281036302
282228096
283660501
285294479
286172700
287638381
289235842
290720949
293816962
295328773
297586177
299176506
301046595
300830374
300133819
300032116
299956801
299939023
299438950
299106414
302158279
304893013
304581181
307633879
307504527
310971872
313620533
313167905
312790534
313007515
313212515
313685440
312517350
312526590
312279629
312500406
313358830
313309478
312946257
312172332
312483628
312146110
312367573
312495776
313136330
313265442
313593070
314049125
314409920
314651401
313810329
314571346
314282458
312209740
310786390
309362708
307715100
306467084
304700959
303965164
302774222
301385021
300264597
299164266
298213119
298054806
296703364
295428681
295796014
294383534
292118743
290573727
288797083
288959971
288931786
289087786
289199989
289519118
289845118
290882338
291086541
291741781
291818244
294030832
294502424
294914052
295237514
295644088
296370068
296772586
297317473
297227585
297884583
298653767
299591821
301247558
300851744
301502113
302597259
303692461
304352515
304859754
305320180
304905032
305994029
306694787
315186919
315239845
315397807
316092676
317117878
316671378
316059788
318078191
318455523
318703523
320770870
321287888
321365777
321805313
322188849
322431644
322887607
322310571
321537443
321807257
323017051
325686916
324773770
328314725
330644684
331675885
332725254
333558012
335049490
335993285
336543913
336701505
337515152
337322300
338730649
341119570
336605394
338192150
340777608
343136214
345169840
345309432
346069578
346914243
348085074
349105962
349862478
350953476
351774808
355226227
355337282
355166690
355160597
355390949
356185354
357118019
358083795
358449128
351273439
351661623
352269714
352972490
354049692
353894396
353908896
354494561
358691923
359678496
360752234
361776621
361184677
361561195
362565286
363273062
363842691
364968781
365533743
366898110
368492033
369407235
369047792
367591739
366315352
364381468
363134748
363618451
364087098
364606763
364868855
365295077
365646168
366509944
367555702
367846368
367594053
366378870
368414126
368605681
369669142
367563683
365323188
364551152
363721358
362926692
361242548
360132903
358568831
356861260
354511747
350981680
350548866
349531961
348532610
348057352
347439039
346277096
345168488
344431712
342876844
341388199
340316368
338794019
337049726
335616081
333895788
332666439
331093998
328982039
327349635
325890101
324316696
322903570
321300258
319690076
318185413
316595101
315176178
313478589
310947076
309538337
308193655
306625806
304472125
302839888
301331725
299704172
297681843
295791828
294343349
292809594
291501726
289776767
287365678
285860941
284535703
282735336
278110549
275052093
270979823
270049176
269751381
269140179
268511050
268069885
268261995
268431346
269005883
268836308
269005697
268714902
268201421
268768939
268502254
267446385
266838072
266534591
265554537
265847759
265569242
265783797
265526445
265606853
265377927
265676518
265792463
265915981
266069907
266303536
266474499
266548035
266654165
266612258
266853572
269646604
272068803
274778297
276643052
279806008
281589635
283814723
285966255
288388177
290338895
292685186
294375221
296301346
297374436
299000285
300222616
300420411
300775670
301008095
301257428
301405632
302200964
302391444
303121499
303290813
303618294
303727535
304016534
304075294
303879682
304006793
303585164
302895333
302413852
302307778
301939353
302168334
302391445
302193890
302673333
303196647
303733238
304096848
304430256
304531051
305151050
305737475
306204696
306777103
307184731
307951156
308391025
308816302
310722779
313348385
315643307
317760173
320296705
322433052
324470863
324070086
324000327
323672680
323711142
322552218
322890404
323165977
322925125
322209719
321177555
320142668
319659521
318999541
320025631
319589632
319320096
320123502
322727756
324556067
325553472
326456026
326955395
328175393
328633354
329567242
330590888
331661663
332900865
333872770
334921527
335999970
337201578
338283964
339329037
339989332
342972658
343772861
345256376
346472929
347360076
347915427
348572147
349014110
350128422
351288402
352532806
353464045
354782839
356115337
357318833
358090776
359205885
360041143
359996606
359394626
358481109
358052850
358804368
358892683
358352924
356859686
354593951
352719917
351033976
349241850
347042558
344752396
342492308
341326033
340286201
339209203
338164373
337166578
335183434
334254399
333109383
332039347
329165502
327561968
326795488
325613120
324294400
323225884
322646607
321357536
320512130
319633225
318604597
317649562
316382694
314207013
313096257
311989073
310889075
309840967
306551066
305466272
303028203
301495687
300037393
298831711
297663121
296496735
295236496
293528092
292101169
291076319
289393804
287794715
286570810
285527423
284415351
283618186
282846891
281211247
280377322
279354380
276965699
275219111
274618167
274620000
275162870
275450610
276071572
276411052
276813052
277472181
278109364
278725604
279431454
279772564
280603136
281134469
281624468
282119782
282909577
283975001
284404036
284558333
285208886
285835645
286267255
286864995
287117569
287727623
288237066
288885546
289530841
290345246
287588511
287889048
288252955
288686361
289173694
290190099
287188272
287738678
288367492
288925768
289585674
290072025
290678931
291233468
291467263
291573633
291951466
292421965
292837113
293265981
293184296
292938593
292642409
292962167
292902519
293111370
292197965
292342077
292159614
291618374
292201984
292336113
292209003
292373853
292518613
292657076
292654797
292646668
292523261
292708390
292669965
292534612
292576094
292515410
292264447
291914984
291956410
292044521
292174132
292185594
292217836
292205169
292111280
291982928
292109058
292771798
294277572
296617826
300653097
302758388
304880662
307204361
309710652
310954705
312790053
314700623
316294083
318112616
319950761
321992905
324499252
326787821
328842484
331000221
333090845
335476971
336730283
341981698
343319880
344666359
346342133
347347261
350756458
358422239
364010283
365401113
366212797
367571721
367880053
368656033
370276641
371028788
372641914
373478116
374412354
375535890
376550350
377579052
377808811
377641867
377386330
376963312
376657887
376324147
376015833
376099314
375644130
375374242
374980205
374756724
374547836
374079892
373726560
372682784
370646177
368292737
363818802
361348400
359709051
357060853
354637247
352795213
350617977
348424055
346793299
345106655
343111363
340494442
337972372
335200342
333432586
331162145
329001002
326745655
324555992
326377655
323914179
322467848
321054537
319395743
318134376
314145995
302590945
300487022
299218099
298390304
297633677
296545235
295621718
294774220
293286778
291720689
290807357
289704859
288260844
287067957
285808997
285337127
285806775
286580180
287323364
287225772
287312808
287304160
287383994
287221957
287390975
287543160
287696474
287880344
287960104
288058733
287812123
287838789
287406272
287276420
287192198
287106827
286957253
286946198
287258735
287008365
287138994
286906457
286805272
286550736
286432959
286242737
286042941
285957219
285430572
284965665
284654406
284632777
284689351
285707422
286584292
288003344
289431452
290810302
292535613
293329833
294570423
294973423
295257700
295784829
297135826
298133694
298571044
299342284
300309634
300949910
302203482
303028499
303949349
304574106
305781512
306633676
306900972
308116840
309211468
309787300
310438373
311406093
314430142
314819160
316085491
316473138
317215970
318032839
321472498
322327256
322729996
326273785
327113728
328018856
329194909
330347555
331176701
331575978
332842327
333379456
334617120
335018749
336089006
337270504
338517853
339546351
340399350
341256255
342451530
343733565
343399325
342952474
341558699
340088553
338288557
336362469
334667305
332667494
331653553
330096630
329478427
328901651
327710468
325901101
324319808
322181646
321065981
319692114
318587301
317042841
316116732
314827883
313668422
312219184
310543706
309349523
307246787
305885827
305020309
304118774
302749556
305141457
304036386
303437628
301681057
301031392
299824061
298544712
300545412
298937378
298220379
297305400
299241340
297864417
297884806
296894086
295762143
295827865
294672868
295200033
295654533
294822756
293620907
292710760
291619503
290492894
289354304
288398862
287750549
286738125
285657923
284468166
286517458
286711420
287125457
287518012
287588401
287950714
288225325
288453232
288749676
288965213
289469341
291283133
291542689
292213446
292404261
292849741
293386278
293669851
295644199
295940976
296329346
296286105
296560363
298760323
298921026
299207655
299396210
301370687
302811296
302931314
303652738
303721646
304093386
304085330
304397367
304347404
304746885
306637473
306938379
307078324
307380861
307745249
307833304
308036970
307247434
306967398
306830195
309876133
309901485
310013781
310252965
313332978
313185552
313083553
313103200
313351700
313390811
313186886
312867276
314638790
314426550
314553957
314601087
314745587
318059542
317589840
318602042
319661095
320895370
322559645
323912290
324928695
325714861
326651747
327769171
328481652
332776957
333597771
334606343
335415082
336368043
338186946
338813741
338732852
341624884
341307940
340987329
340819164
340693831
340483683
343442380
342893178
342666289
342341623
342379235
345262006
344741600
343511936
343265825
342858734
343919565
343603621
343424565
343363954
343333788
343107862
346158764
345973819
345780839
345628524
345483617
345416580
346227597
346085319
346050301
345829468
345787079
345609339
345691376
345525728
348795277
348322241
348218611
348286408
348265352
348213815
347956130
348069686
347911649
347795686
352397066
352178696
352067048
351744660
351658160
352952935
355682596
355582318
354415543
353295305
351948623
350214423
348474296
347433706
346320726
345187302
343693991
342402067
340966126
340039461
339056389
339215037
338161299
335966951
335016249
334937175
335169749
335235248
336996726
337015245
337199022
337315929
337492911
337643651
337711095
337633947
337360374
337506559
337397855
337376615
337143856
337178930
340344720
340231349
340286479
340679719
340695219
340557886
340474275
340282053
340041925
340676330
340589404
340354275
340121610
339131796
338971779
338822353
338919316
338934482
338851427
338772131
338536112
338279113
338151520
338068262
337934799
337845243
337876873
337945596
337713114
337630763
337557448
342092753
341699606
341428847
341366144
341375088
341332310
344472563
344067676
347260132
350414496
350082922
349913182
349538201
349225091
349034684
349159276
349261147
349162091
349042943
349158720
349246831
349236424
349078998
348789666
348649240
347479224
347319854
347132965
347335410
347313354
347143706
346942707
349847868
349543535
350755662
351886067
353650527
354702673
355954095
357035871
358312406
359697663
360791271
362180417
363331044
367524980
368539607
369728124
371179305
372359396
373223561
373353264
373315561
372287341
370910973
369017606
372095397
376198555
381647821
381601007
381731636
382512875
383244097
383720206
384969129
386984515
389072381
391906764
393807686
395063350
400393062
401433485
403846443
404581275
405732236
406925437
409532284
411913576
417858637
420015263
422142592
424476384
427296396
430228409
431951386
433759717
436188822
437065766
437694783
437786338
438124559
438993354
442052607
444330918
446520524
450121609
452000976
453837676
455968023
458233222
460358736
466081226
466285187
466603261
466717427
467251001
468718312
469272867
469908773
470245587
470543123
470811141
470734586
469862496
468400424
467524945
466781001
465720133
465141801
464070007
463008398
466911594
466732113
465816262
463869433
463785674
463556953
462846750
462034715
461110402
461372290
452312605
449598740
445926044
441017109
441330331
441472145
441954477
443809844
445465063
442686161
442518069
442239940
439556279
437500190
436334137
431045740
430155556
429803409
430220723
429172651
428072617
425986825
427290285
424918067
423935328
423508274
422721369
420788798
416640362
414758681
412879129
410035542
410911892
410472504
410737429
411120151
410288783
407256473
404341998
402283984
398592176
396977013
394943795
392607948
390375507
386699460
382352783
382133543
383233596
383096077
382520190
381060674
380126270
379548696
379441660
379038308
378642273
378340347
377779533
377201331
376861109
376486721
376200296
375693852
375438648
374904854
369909419
368245034
366763648
365938779
365001707
364059690
363345489
363497969
363150340
362778138
362463194
363383062
363235637
363118970
363051007
363035396
362122268
360102847
355303708
353548897
351697049
352059196
352249362
352607936
352935268
352731880
355678930
355665504
354773450
354819265
355010264
355228856
358356350
356901927
356763186
355927873
