2603005
4191405
3609723
4132942
4108795
4130702
4757958
3740186
4032943
4145943
4082905
4339683
3872889
3784370
4159331
4175257
4083091
4127850
4087035
3682556
3798389
3674945
3770648
3757740
3752148
3897240
4120609
4143832
3675130
3677926
3647705
3678075
3803445
3780611
3688889
3656315
3654538
3662482
3660019
3768722
3788556
3652131
3658094
3649520
3659241
3648037
3690408
3762741
3710204
3659686
3675926
3643130
3677297
3656501
3655297
3696426
3809722
3743167
6152859
3699315
3733556
3282706
3196929
3320873
3167689
3236669
2471932
2445821
2526043
2489951
2491544
2491118
2439988
2482858
2477247
2453729
2457692
2455525
2454655
2474080
2557858
2487802
2479340
2499099
2483858
2437303
2487618
2482562
2496043
2505544
2491710
2469321
2462006
2456562
2445674
2459599
2450192
2441118
2485210
2476784
2461340
2471655
2472654
2488766
2465118
2540821
2463433
2473062
2459821
2471081
2457284
2466192
2472877
2457025
2453729
2451322
2430970
2483692
2480099
2517840
2452989
2464914
2454211
2478988
2454062
2453822
2436822
3558705
3492076
3487501
3482113
3485446
3505372
3478224
3476984
3494947
3481964
3629575
3272077
3186966
3163892
3164374
3264965
3146207
3173373
3160521
3130133
3105855
3101948
3135300
3175263
3124484
3112152
3134281
3116170
3109818
3308410
3143318
3105522
3153115
3145929
3172892
3151392
3399169
4014962
4271497
3236022
3206354
3214818
3123244
3101392
3106430
3093670
3092059
3076096
2944504
2948707
2953893
2904412
2919745
2916060
2964208
2964986
2977967
2909504
2981300
2968486
2991115
2977597
3119596
3391706
3386705
3379317
3406410
3468964
3376854
3406521
3398503
3391502
3390021
3391872
3455650
3378447
3322058
3122022
3115837
3125337
3112873
3126003
3105745
3089836
3122004
3113615
3127003
3109393
3104004
3117207
3092671
3121836
3112782
3156244
3102096
3202929
3149262
3097504
3110596
3107707
3097171
3120855
3101281
3141689
3113708
3108300
4391127
3319206
3124133
3182781
3163115
3099504
3100337
3097522
3088411
3083226
3108448
3085096
3131355
3082189
3092967
3082189
3089837
3083466
3086597
3146966
3129059
3073967
3075170
3157114
3139207
3136504
3132929
3108726
3132577
3136410
3171485
3139707
3137466
3133799
3138466
3170541
3138910
3139466
3221188
3279188
2918986
2912764
2928115
2909042
2913171
2904838
2907746
2909042
2913430
2910746
2909597
2908653
2930504
2907764
2914356
2905523
2940504
2911412
2968078
2927116
2411210
2443821
2425988
2426858
2421099
2424544
2420359
2419192
2454729
2460044
2430303
2424507
2419340
2414507
2417007
2415674
2415415
2415914
2412081
2371174
2409711
2406915
2405210
2409711
2414895
2408952
2411637
2414155
2407951
2374915
2407229
2410322
2409673
2408321
2411988
2407766
2407081
2405766
2408711
2409303
2450192
2410007
2415747
2402488
2401655
2405488
2406266
2407451
2405451
2411747
2361303
2424063
2412229
2416414
2410211
2419507
2413266
2408414
2389248
2411618
2409267
2410211
2403858
2417414
2356452
2361062
2399340
2401248
2398359
2402025
2403729
2404044
2426932
2389637
2423840
2407322
2407562
2407488
2408303
2373544
2405581
2406896
2410488
2405415
2408081
2408044
2406896
2405396
2409766
2406933
2407655
2409859
2408432
2405804
2404970
2407174
2406341
2407840
2406137
2405748
2406748
2405989
2384026
2406155
2409340
2371748
2425211
2447599
2513321
2389007
2418766
2412803
2433285
2400692
2413377
2411933
2413359
2409100
2411118
2419118
2417007
2408340
2413488
2409951
2409525
2383914
2362766
2358434
2355841
2406118
2404729
2408137
2407729
2429377
2398192
2398988
2400785
2398933
2403470
2402674
2405266
2397396
2400915
2445100
2398877
2404211
2410266
2413358
2434988
2412007
2410211
2407673
2406062
2405155
2405155
2403822
2417230
2417285
2421414
2404396
2432414
2404563
2397878
2431414
2446637
2412674
2416599
2405766
2413526
2412693
2404099
2408599
2397137
2400192
2400932
2410618
2410822
2403841
2425285
2403433
2412636
2409193
2416803
2401988
2401045
2405970
2408081
2396507
2426229
2404174
2400340
2399600
2528210
3119467
3111800
3071818
3141614
3117151
3101152
3128170
3164262
3099467
3125040
3102096
3142096
3090893
3058930
3136374
3254040
3141022
3137725
3132096
3167837
3146114
3143188
3135559
3175948
3190059
3190855
3186392
3205059
3197263
3185966
3193892
3194540
3192929
3139966
3144614
3145633
3187540
3152059
3139856
3014393
3009486
3018504
3007727
3013949
3007708
3010337
3008596
3008097
3004560
3007467
3011060
2999708
3012226
3005153
3049985
3003504
3016467
3015930
2950152
2933819
3033041
2978523
2988893
2958134
2960079
2961097
2976727
3012245
2963319
2957597
2961227
2971560
2964967
2972837
2951690
2949430
2954671
2993911
2977652
2950356
2981541
2953727
2991412
2955022
2972338
2969985
2983097
2958893
2966263
2968115
2948820
2913967
2909838
2913616
2923486
2912153
2928430
2924041
2908579
2908894
2941301
2914282
2916042
2935079
2906282
2972004
2967597
3041171
2988930
2955652
2954060
2975263
2949801
2962005
3003671
3020708
3012355
3008226
3015874
3003615
3017911
3014393
3011078
3008578
2998171
3014819
2955652
2961486
2953412
2959486
2960597
2966356
2953912
2998263
2963134
2947189
2947967
2955875
2949708
2954393
3009708
3005393
3009560
3003986
3039244
3005930
3002189
3005393
2939152
3017374
2952838
2951652
2949246
2974930
2998875
2931671
2953782
2916912
2918467
2950504
2946467
2922782
2906431
2932301
3832500
2944357
2976671
2963893
2985801
2965338
2993541
3099893
3089466
3090208
3098948
3085708
3089578
3093170
3123744
3092596
3086782
3089504
3089485
3092374
3088707
3090671
3089689
3165077
3109097
3100541
3102448
3122411
3167892
3173800
3141577
3152503
3142077
3074171
3140503
3162615
3111466
3110707
3109652
3107578
3105374
3113170
3118078
3103282
3154392
3152170
3140263
3109522
3113411
3108448
3498854
3128837
3117504
3103541
3097930
3102263
3135078
3107744
3109023
3104393
3131892
3105781
3123893
3105486
3101634
3106818
3101633
3102726
3100189
3172411
3149781
3144837
3140244
3152429
3143041
3097670
3088171
3108670
3112485
3106985
3118874
3131763
3110022
3141911
3140559
3161652
3149226
3148337
3149263
3158522
3141744
3140782
3131281
3130152
3078652
3080930
3079578
3076948
3125448
3119541
3164336
3121985
3121763
3120004
3124152
3115022
3122874
3115133
3120541
3119707
3157429
3174633
3141318
3126411
3155929
3121800
3144652
3130615
3134189
3121429
3122226
3125651
3125670
3123670
3118781
3132448
3128485
3124856
3110652
3114707
3125467
3124707
3122374
3113726
3118523
3134263
3119189
3119781
3116207
3120763
3116596
3152300
3114596
3116615
3117078
3125300
3126152
3126670
3150967
3117207
3272466
3183114
3189910
3156837
3155948
3128004
3148652
3130929
3164819
3120282
3128189
3124855
3116281
3133319
3130504
3130485
3134651
3128855
3162004
3128374
3153929
3130948
3158059
3133615
3168911
3127856
3131355
3134097
3127985
3131652
3129171
3128022
3131929
3135819
3132152
3128818
3133115
3132707
3129559
3131782
3127948
3160819
3130114
3101448
3096948
3117281
3126707
3121356
3126078
3147151
3129263
3129244
3123689
3120337
3132577
3123041
3128281
3127485
3120522
3117708
3122300
3126022
3159892
3121855
3125467
3124763
3125152
3118726
3125188
3120207
3124948
3120559
3125060
3122559
3125559
3125411
3121633
3124003
3128523
3122707
3125337
3163429
3125634
3128281
3127522
3144948
3133170
3129689
3128189
3168707
3120060
3159393
3133078
3124615
3122596
3121133
3123041
3119726
3120819
3130503
3410650
3109022
3121300
3118245
3162041
3092096
3152004
3091745
3158078
3080671
3104875
3102189
3099133
3099263
3097208
3094670
3099967
3096689
3100189
3097819
3142392
3097281
3113152
3157114
3091708
3085115
3090300
3192133
3159597
3151115
3154873
3150578
3088449
3151226
3128911
3105966
3112151
3119541
3117837
3105040
3108744
3099596
3098466
3108356
3111652
3145411
3175041
3191281
3194966
3192337
3149115
3184411
3148837
3098560
3100078
3099689
3095930
3102356
3106393
3104485
3116152
3126837
3101893
3100892
3152985
3150392
3151152
3150448
3178966
3170634
3168726
3153985
3158448
3147893
3158744
3207967
3519280
3208559
3174930
3232984
3246022
3144503
3146744
4878570
3173893
3230281
3097226
6641524
2513007
2514544
2467377
2452896
2529340
2436359
2434099
2472229
2512044
2489821
2440044
2433877
2481321
2457321
2479636
2445618
2439562
2436766
2435026
2430451
2434841
2433988
2441636
2439711
2433210
2434877
2546358
2444007
2439359
2436655
2432730
2440767
2437988
2431896
2440155
2441469
2444452
2467303
2427988
2428785
2427433
2445136
2418118
2438044
2447933
2449489
2437488
2433062
2433229
2457044
2455303
2451470
2455895
2458136
2450377
2450858
2451526
2460488
2480248
2449525
2449063
2452914
2448044
2466303
2448062
2459655
2453915
2449304
2447044
2458174
2450322
2466451
2450803
2452248
2452211
2453896
2466748
2484803
2493729
2454933
2452248
2431229
2464692
2460340
2453933
2448359
2446488
2445377
2449877
2444452
2405655
2445544
2443600
2406674
2449211
2449470
2462562
2446007
2445581
2447229
2460414
2417748
2446285
2446674
2450581
2447063
2446470
2448766
2443525
2461914
2447581
2444507
2444525
2460674
2504211
2455359
2467192
2439748
2454063
2447118
2452267
2561951
2456137
2454062
2451729
2404989
2447859
2446599
2397471
2456859
2459488
2477970
2453044
2438952
2458377
2543395
2461044
2452600
2446599
2459692
2454211
2474599
2453729
2453007
2434099
2407619
2407711
2449563
2454322
2449193
2451599
2450563
2415526
2448229
2449525
2450896
2451489
2448618
2451377
2454359
2451230
2452600
2446118
2410137
2453415
2448747
2453915
2449470
2452340
2475099
2447673
2447266
2405211
2383711
2418433
2419081
2420766
2378229
2420840
2417674
2419748
2417433
2448044
2409044
2586062
2387526
2384748
2378285
2379174
2376952
2380860
2394155
2407878
2407303
2369341
2379711
2375137
2400285
2382193
2374878
2378192
2374933
2378044
2426562
2433600
2422636
2422618
2443229
2416119
2435599
2424784
2421544
3756316
2400156
2439840
2423526
2426026
2424878
2424025
2428563
2421988
2420229
2420859
2442932
2423729
2427952
2425729
2419452
2424507
2417007
2381563
2426988
2419581
2424174
2419025
2416063
2387303
2418971
2419340
2407340
2391433
2422470
2388433
2382082
2377730
2381100
2379008
2398211
2383693
2374933
2393673
2379323
2385081
2424711
2386303
2378119
2429137
2428414
2428303
2441988
2425692
2428044
2414192
2411470
2431804
2431859
2431803
2431895
2430655
2427673
2413267
2378637
2383267
2436507
2419173
2421340
2420174
2422155
2420785
2422563
2419600
2418137
2392414
2386304
2420211
2464322
2458599
2561303
2565617
2446099
2485377
2451396
2757468
2466322
2431785
2420581
2408174
2409581
2417193
2406359
2370415
2407526
2404266
2399636
2409693
2404581
2406322
2410303
2405766
2410452
2402729
2402118
2424100
2448544
2423099
2412322
2407822
2430396
2438415
2427007
2452581
2427007
2424544
2427229
2429100
2428563
2424600
2422636
2416452
2428692
2421877
2423841
2422285
2422784
2428618
2424767
2423285
2426081
2428099
2375545
2425618
2462914
2463414
2449248
2412563
2446118
2451025
2454396
2488303
2466174
2441970
2475858
2454247
2454747
2443619
2437007
2409859
2404730
2517692
2415544
2408914
2437304
2438674
2458340
2410692
2414841
2429044
2463636
2435785
2391359
2406637
2410044
2438192
2403044
2440192
2477507
2436266
2433563
2406933
2495007
2970689
2936097
2943504
2938598
2941986
2943449
2933486
2936264
2930375
2935875
2932134
2940560
2931024
2991967
2947135
2949282
2941578
2967912
2940097
2974801
2942153
2937060
2956116
2954375
2959467
2956227
2946597
2939616
2945431
2937023
2937153
4245832
2971837
3149189
3128152
2934709
3132448
3110670
3116226
3112726
2921468
2906042
2999412
2985671
2981116
2981578
2983949
3022763
2967616
2956838
2981578
2978301
2982153
2979523
2952264
2925949
2979782
2972486
2969986
2973264
2996004
2989041
3036171
3092930
3150337
3113375
3109689
3094189
3098578
3100282
3139967
3136411
3110689
3096912
3130726
3097874
3164448
3116726
3108411
3135652
3110985
3108078
3106152
3136467
3106671
3112818
3111837
3157596
3106208
3141467
3127023
3143911
3199633
3195578
3199874
3105078
3183633
3202355
3194077
3224077
3255373
3207430
3124189
2990783
2985857
3010856
3008393
3006116
3006189
3041560
3006356
3008837
3004709
3008245
3004023
3004504
3020597
3009412
3027856
3028190
3032671
3015560
3021264
3011060
2937542
3019912
3017133
3013337
3012152
3018838
3013745
3014726
3084670
3065523
2922227
2917135
2914357
2910060
2907079
2923690
2917431
2919301
2987097
2968005
2965560
2965023
2981634
2950838
2952524
2972671
2954115
2948208
5178957
2917783
2915986
2906727
2951967
2977727
2935523
2911505
2903486
2902561
2903949
2899894
3018338
3016986
3000393
3056153
3037115
3127041
2975912
2944245
2984431
2943449
2936893
2940931
2912616
2944338
2918357
2898467
3001375
2899745
2984986
2944505
2902486
2897079
2916893
3001523
2962060
2950394
2960338
2955968
2900430
2950746
2953634
2955616
2896987
2963319
2958561
2981004
2955578
2955857
2955505
2931578
2915486
2955393
2907968
2902079
2694562
2424488
2424840
2418507
2420488
2420026
2420729
2422118
2407655
2401600
2437322
2421378
2421544
2398563
2402452
2406396
2566543
2430896
2424544
2425118
2426618
2426804
2421711
2627913
2420303
2402674
2412933
2367655
2363303
2360119
2359137
2358303
2359081
2358601
2361137
2359563
2405008
2367119
2358470
2361471
2378063
2359860
2430192
2421285
2467822
2481488
2412914
2430322
2393008
2390044
2957394
2484896
2456711
2462377
2466026
2488507
2497674
2476359
2462748
2520840
2462840
2481322
2447303
2447099
2558710
2525099
2467988
2456211
2490210
2596970
2396748
2419971
2397434
2449136
2408378
2635414
2416803
2398100
2380155
2407600
2383044
2421063
2413803
2429525
2625099
2412471
2419711
2411304
2406470
2895968
2413007
2386729
2420137
2497618
2408729
2405488
2401118
2405285
2419285
2404915
2431192
2420508
2373952
2393748
2419044
2390100
2423081
2403082
2395896
2511025
2394045
2486655
2401100
2395155
2383952
2394823
2410081
2436804
2399137
2495174
3696260
2431988
2415840
2431766
2425840
2426322
2413192
2423026
2500932
2405915
2408156
3272040
2429933
2489655
2383100
3420595
2420896
2404989
2581822
2411803
2402082
2418915
2447414
2409304
2403952
2416637
2381656
2410100
2523506
2431562
2418155
2489358
2399099
2389915
2407433
2397470
2365378
2423785
2511488
2425173
2397174
2415359
2441100
2424081
2414618
2429470
2416563
2452007
2416359
2411563
2415563
2432489
2421229
2528655
2437266
2415692
2418618
2413026
2413507
2412748
2403414
2519266
2397915
2446007
2418619
2442359
2726061
3130892
3112078
3111134
3117504
3155059
3327836
3187911
3129540
3170597
3169171
3182115
3169670
3184855
3169337
3185319
3164911
3119875
3108985
3168430
3155189
2990801
2937635
2988930
2937135
2956764
2985820
2942356
2949894
2962190
2939042
2941708
2937190
2932597
2946486
3033134
3006949
3073819
3035190
3005615
3006431
3090874
3295373
2939246
2935264
2927375
3182115
2929264
2951005
2921486
2922653
2985023
3007079
3593354
2972968
2944190
2972042
2988523
3117059
3155171
2952394
2988431
3118208
3262929
3217985
3190078
3258726
3178244
3307336
3355929
3168245
3168374
3204874
3154837
3160763
3186559
3164559
3152134
3312429
3153485
3292485
3114041
3043282
2927875
3001819
2937523
2942690
2943134
3031560
2938876
2947727
2934893
2957541
2945783
2955782
2946042
2940913
2937838
2947709
2955727
2944338
2952950
2990764
2972394
2995727
2972838
2950542
2962949
2915690
2946283
2963690
2957190
2945875
2984152
2947467
2949153
2975431
2955282
2958098
3383521
2960449
2957283
2919745
3226522
3176837
3445188
3306614
3215596
3209577
3175115
3166115
3169115
3169004
3164004
3163115
3166171
3444261
3211670
3181115
3310744
3188393
3248744
3183985
3366466
3305633
3298392
3231559
3183134
3330762
3161503
3518576
3161633
3174115
3234577
3274614
3260300
3208096
3355521
3313873
3293892
3191652
3343781
3324429
3347447
3318652
3165837
3254355
3266170
3324818
3179763
3326726
3403280
3191800
3112856
3171948
3344337
3295577
3288984
3239818
3109707
3281633
3120134
3360966
3336373
3332707
3329818
3326521
3326133
3338151
3328707
3327800
3336022
3312818
3326966
3306966
3313170
3310447
3358465
3335355
3364577
3068800
2438693
2419229
2420452
2416692
2533841
2432822
2443729
2432433
2422359
2448045
2433322
2419082
2432600
2425618
2422840
2531229
2487359
2431007
2434785
2420525
2418303
2430396
2423414
2419007
2430970
2426174
2441600
2424285
2417896
2469507
2423563
2447321
2418600
2499470
2417563
2420711
2473618
2436062
2486822
2425267
2502822
2429841
2426192
2438804
2421896
2420581
2411378
2431636
2531080
2434266
2437970
2445637
2433803
2451137
2466840
2463637
2437600
2429581
2459952
2427989
2427730
2422526
2454970
2515544
2432470
2445062
2547174
2431378
2429192
2426267
2423710
2444711
2431396
2434377
2432266
2453488
2425267
2533210
2422248
2429582
2434637
2429526
2423082
2440544
2401934
2410100
2449488
2456118
2511303
2564377
2453211
2390841
2489285
2412192
2448285
2447526
2430786
2446118
2435729
2432230
2439266
2435785
2424341
2427007
2426822
2424119
2441211
2449729
2438489
2429933
2449229
2533433
2421100
2426730
2537284
2432563
2426229
2447322
2425508
2430081
2425193
2432785
2458008
2440600
2450451
2540655
2430896
2424859
2425433
2427933
2431526
2425878
2427933
2433192
2442100
2429044
2532933
2443729
2478266
2487303
2485118
2453081
2485989
2445841
2591488
2442655
2441230
2454433
2448173
2408229
2393193
2449674
2406063
2420359
2443193
2453026
2462785
2452359
2428581
2459915
2427248
2430081
2455414
2442673
2436767
2431952
2427563
2432581
2423989
2422526
2486341
2425674
2428488
2440488
2454989
2436508
2442007
2424600
2432211
2430396
2432397
2429470
2424600
2428914
2433100
2430582
2436452
2429730
2430266
2426063
2443970
2422526
2456063
2446581
2433525
2436840
2454285
2429582
2440729
2430285
2426878
2436100
2430526
2431470
2433951
2427952
2493729
2424378
2421396
2521062
2444656
2425600
2438211
2432637
2396581
2435304
2428600
2443433
2494859
2437730
2498396
2483025
2427563
2430970
2458174
2504044
2659543
2540285
2652488
2601525
2513118
2432692
2505359
2485655
2645044
2544766
2510840
2809005
2773746
2857394
2745469
2608988
2515544
2657988
2489211
2453803
2471525
2441063
2495618
2604136
2540877
2380471
2661895
2619655
2536840
2536025
2544470
2543248
2642488
2522914
2533562
2527859
2673525
2579321
2398785
2523674
2515840
2584673
2606858
2445988
2561044
2519155
2606340
2564988
2562895
2558062
2557711
2513673
2558396
2538229
2544711
2573637
2575100
2541062
2413063
2538803
2558247
2457025
2426785
2379045
2371470
2466341
2378711
2416544
2429730
2425544
2418618
2412452
2407730
2415489
2418600
2422878
2406082
2479378
2430377
2417489
2415748
2411674
2374933
2372896
2414656
2372934
2417508
2417563
2414248
2408618
2407859
2413082
2638914
2410045
2489173
2400267
2372674
2380008
2373600
3010949
2405988
2417526
2422174
2422433
2380804
2389470
2404952
2401692
2429044
2430859
2410711
3266763
2416008
2399248
2413637
2407340
2383748
2401989
2423489
3011245
2476803
2380693
2423303
2421525
2419322
2395063
2422156
2537322
2375322
2419156
2420637
2410970
2412044
2412971
2972634
2418063
2423748
2425118
2384044
2417915
2414451
2429044
2490618
2432545
2432452
2432007
2427711
2423230
2424100
2421211
2428063
2445489
2434822
2476600
2437470
2410637
2412637
2412229
2384156
3136726
3233152
3238522
3226652
3253318
3188911
3809168
3199467
3204985
3225559
3225466
3228541
3231022
3241040
3269596
3234855
3232670
3211819
3249429
3399114
2437859
2445100
2426341
2423063
2423026
2737043
2428285
2428137
2493915
2425063
2426174
2430007
2399119
2403433
2439803
2428896
2537710
2431544
2427822
2433674
2426896
2439248
2437507
2434914
2472063
2417322
2428896
2509248
2423248
2385618
2494915
2434526
3084893
2457619
2442581
2393563
2428433
2426563
2388081
2432544
2435378
2451211
2433915
2447007
2422415
2423989
2587951
2435748
2426452
2449007
2456952
2384785
2426656
2424693
2392582
2433581
2428082
2428193
2702580
2424508
2428007
2475581
2421434
2406897
2428340
2428174
2384082
2433545
2419952
2426192
2432508
2426322
2515507
2429174
2434618
2454933
2425229
2434803
2430396
2387989
2425489
2421248
2394989
2514969
2437285
2415156
2418026
2422859
2438099
2438007
2425878
2398396
2390860
2412507
2618933
2382415
2389822
2385118
2375229
2354823
2397952
2399711
2374100
2362915
2379341
2434137
2399914
2401415
2505581
2528266
3021986
2692710
2503062
2513970
2651654
2692858
2545766
2538304
2425804
2545359
2553877
2448026
2455137
2509915
2543858
2531414
2537378
2571248
2585544
2412193
2539211
2538007
3158152
2563507
2504229
2544618
2538766
2542229
2535914
2449785
2533211
2443915
2540359
2543340
2541822
2598303
2539544
2680154
2443193
2414785
2443915
3474688
2407545
2396655
2398137
4064055
2419008
2406563
2513803
2392804
2406878
2393822
2473970
2384933
2438637
2425377
2400823
2374267
2399211
2396507
2471192
2397470
2392007
2407859
2514932
2400526
2395286
2388008
2408693
2494729
2371749
2366248
2401970
2393230
2392989
2424193
2415082
2410470
2637044
2932376
2945097
2960709
2914228
2943245
2933709
3005652
2972597
3047374
2992449
2965190
2963024
2957135
2971412
2976560
2996153
2982283
2978227
2972597
2991635
3019394
3107096
3187504
3141133
3108264
3127671
3159670
3130633
3107412
3098022
3138578
3201189
8824237
3996259
3136190
3108671
3374318
3296096
2952671
2945523
2976227
2956135
2969116
2953024
2983950
2956098
3027671
2986949
2970986
2967672
2929005
2916376
2916431
3235874
2955468
2920691
2910616
2910394
2961765
3185596
3095727
3089801
3127023
3120430
3153060
3148967
3156097
3162060
3189022
3150115
3208893
3171356
3128116
3156004
3099301
3231744
3163652
3290577
2922987
2914005
2991468
2996319
2918135
2917135
2977764
2951098
2911172
2919339
3078726
2921154
2946560
2924634
2920709
2928912
2987061
2955931
2894579
2958023
2964246
3214911
3143985
3084782
3080246
3142967
3140763
3336874
3144152
3136375
3136171
3145078
3141097
3142041
3142152
3130874
3131301
3140930
3136115
3111190
3125375
3132115
3132727
3171912
3160430
3150837
3085097
3132115
3126653
3191875
3128560
3128542
3141708
3145875
3130967
3135504
3130856
3117783
3130393
3127856
3131597
3364948
3297836
3271373
3302115
5636493
3384892
3224245
3270892
3290004
3268004
3282041
3347466
3344707
3211559
3267503
3262819
3262226
3252226
3251504
3031393
2970319
2957357
2929820
2949246
2945339
2917912
2908135
2906913
2914709
2952839
2918542
3037894
2905931
2901487
2947838
2903579
2914820
2906746
2910468
3006357
3098116
3135319
3136893
3287097
3086838
3143949
3135449
3128653
3090912
3169522
3142208
3135412
3272448
3270189
3313929
3337263
3232263
3139560
3270226
3295392
3253615
3265245
3334189
3339633
3130930
3338818
3138244
3300430
3137393
3274818
3272689
3248744
3269485
3296040
3134708
3133782
3311744
3138374
3298392
3273430
3308522
3134227
3139522
3147042
3295614
3144504
3275096
3133819
3131930
3133227
3291133
3294022
3265392
3253540
3080431
3206523
3112356
3226615
3286800
3259263
3258448
3262781
3309318
3150968
3242726
3409799
3167781
3145559
3257856
3184189
3161745
3150393
3344540
5664067
3180985
3147189
3137467
4105167
3113782
3130467
3090782
3107430
3163411
3083578
3090986
3098968
3142560
3132763
3136708
3221911
3151874
3132208
3070542
3078949
3145430
3156189
3123263
2913635
3001246
2940339
2961024
2905617
2926413
2915283
2962375
2947468
2895209
2934228
2929172
2903246
2912727
3009264
2897079
2930912
2926783
2902246
2904079
2901561
2974931
3131671
3072375
3170171
3166375
3129763
3123949
3122727
3124356
3126227
3166633
3130412
3129115
3134597
3161652
3128004
3159430
3136152
3128430
3117782
3147467
3142949
3132930
3124115
3135800
3132375
3142967
3122615
3168467
3121060
3130375
3112338
3129893
3111134
3126042
3167355
3121504
3116912
3129671
3162986
3137097
3148616
3130875
3125023
3125152
3137227
5115681
3188208
3138967
3128505
3125560
3167782
3134189
3140059
3152411
3252986
3133875
3124893
3164597
3138041
3149189
3138300
3139616
3431355
3143208
3128449
3148801
3140708
3132245
3131893
3110689
3141967
3139134
3140837
3126394
3130115
3125541
3130263
3131041
5052366
3177023
3156078
3179207
3135486
3184579
3177800
3142801
3088097
3096634
3123226
3135504
3151226
3123615
3152338
3189486
3163541
3114097
4143370
3145394
3133596
3160763
3148041
3168282
3150078
3125597
3132005
4142981
3170670
3161726
3146171
3129559
3153096
3152801
3164911
3140116
3178411
3126467
3130541
3129300
3154523
3175467
3143449
3161059
3130615
3145690
3131597
3177023
3164911
3143467
3148690
3122245
3129060
3131893
3135652
3125652
3110486
3146689
3126542
3132764
3149782
3117023
3102634
3147634
3115746
3123930
3119189
4837015
3275615
3427447
3251041
3244337
3279967
3284707
3303856
3355948
3314837
3207153
3322336
3280337
3338003
3375744
3314004
3317077
2470063
2469934
2465248
2462249
2420952
2466248
2414471
2425637
2468211
2465488
2466841
2459211
2461914
2475656
2462248
2464451
2472377
2460063
2516804
2463507
2461915
2465452
2461766
2460896
2531025
2461600
2465563
2461470
2456378
2410897
2463619
2465914
2418545
2465951
2415786
2461952
2463748
2466266
2493970
2461415
2528544
2534877
2466989
2409563
2526229
2464971
2406193
2471915
2416063
2464099
2463007
2461396
2460192
2456415
2463470
2518600
2459026
2429396
2475970
2480100
2459378
2464100
2468063
2553266
2462951
2462896
2471785
2461656
2410656
2459063
2416878
2508729
2482637
2503525
2530377
2486341
2461600
2466544
2522415
2429304
2467526
2410452
2525896
2518730
2516192
2482433
2472045
2444174
2472988
2764487
2509340
2468286
2502044
2468341
2532841
2497470
2473526
2470878
2476693
2468544
2408730
2471896
2416193
2447119
2422396
2479230
2462618
2464248
2476933
2462841
2485211
2426785
2462359
2462304
2461822
2463915
2498285
2536693
2456341
2452989
2465655
2554155
2510303
2462860
2461267
2473397
2479007
2487266
2460766
2410156
2463007
2465989
2460693
2465526
2504563
2466637
2463581
2460841
2551933
2461396
2465766
2484045
2464118
2419063
2459915
2412526
2460044
2500822
2469230
2455360
2473488
2469248
2468082
2463045
2425248
2470156
2419730
2469655
2468803
2462970
2467323
2465396
2429730
2468156
2468081
2459804
2470748
2470748
2464100
2461063
2487618
2537451
2466823
2419693
2469822
2529951
2465970
2468340
2465970
2474433
2467860
2444433
2469563
2493211
2494396
2485618
2479377
2462563
2484229
2429600
2468988
2465508
2490933
2509229
2489359
2479229
2415841
2480785
2464359
2414804
2461267
2465692
2494118
2475822
2462934
2417823
2466119
2411082
2458248
2456970
2467618
2466582
2465711
2462267
2470545
2418044
2416396
2461341
2423804
2553396
2471656
2536952
2473211
2511896
2413100
2472100
2460841
2465841
2470859
2463804
2467229
2471693
2473822
2456693
2476063
2476766
2463712
2460860
2475378
2468396
2461897
2450415
2416007
2471544
2475637
2466749
2471489
2473748
2476952
2478693
2505414
2476267
2472008
2479730
2476452
2466044
2418044
2464507
2407323
2444601
2427063
2487156
2572933
2548637
2480656
2465452
2462360
2473452
2475100
2417026
2462285
2551711
2470860
2454452
2458285
2416711
2533674
2463044
2458008
2459674
2533063
2466508
2455822
2470415
2477359
2451785
2503692
2472137
2651618
2462082
2469267
2435285
2565248
2439193
2466229
2469378
2469322
2461267
2462452
2431952
2469656
2463341
2468396
2461712
2473914
2480563
2455822
2459526
2465470
2470526
2410378
2422155
2426286
2473841
2474915
2469211
2475600
2479952
2506877
2468637
2429100
2424674
2468507
2473100
2485655
2581007
2472452
2486934
2468767
2476859
2477063
2468619
2568063
2468711
2465285
2479341
2496878
2478841
2468341
2419508
2476100
2471192
2540656
2493174
2472211
2424340
2424119
2813802
2553877
2534062
2563747
2469526
2453600
2494952
2509100
2455600
2507248
2602358
2501933
2520415
2550285
2564396
2543618
2577878
2478303
2507081
2525581
2541915
2483951
2412600
2437878
2414082
2479637
2429192
2407675
2418471
2429378
2407285
2424526
2517896
2406396
2415674
2404082
2560063
2420711
2434359
2421933
2436619
2409526
2435655
2392082
2455045
2408211
2428989
2413711
2421008
2457396
2392082
2458711
2455655
2452119
2491266
2454156
2409211
2422637
2445897
2430526
2466618
2485193
2476952
2475341
2491729
2547340
2463545
2419359
2415711
2447786
2449711
2468600
2461193
2459600
2570173
2510488
2514989
2524674
2512025
2460396
2435915
2466803
2466230
2465841
2453563
2495619
2470026
2457248
2467619
2459174
2413452
2472692
2453304
2454896
2472341
2460933
2493563
2474711
2467711
2460452
2456304
2620044
2472582
2430748
2469193
2465970
2486137
2477045
2457118
2536729
2475785
2423285
2465489
2502100
2616988
2514266
2690284
2539915
2460397
2590655
2471581
2449340
2452748
2450545
2497748
2457600
2454193
2567804
2460470
2406582
2487544
2478378
2481878
2433859
2424045
2476859
2594304
2598544
2572507
2523063
2526803
2651266
2519415
2564192
2573136
2653507
2547803
2564915
2563174
2645562
2543471
2557063
2553526
2511488
2626173
2552415
2561489
2555303
2543711
2562118
2517099
2441785
2495026
2559563
2554341
2594470
2594173
2574174
2558304
2533600
2552841
2552970
2577433
2585525
2560248
2600118
2559730
2554451
2529488
2527785
2572026
2551803
2571489
2571933
2569803
2558859
2559377
2517693
2563618
2560489
2557322
2558044
2514840
2504989
2504989
2548563
2507600
2632377
2515711
2559304
2511582
2497303
2555100
2557896
2696118
4437314
2683525
2567285
2579840
2556099
2634063
2523396
2565507
2561526
2584321
2516471
2619970
3130986
3146245
3013986
3053301
3028468
3154227
3034579
3006005
3133431
3173449
3077320
3047765
3135282
2999060
3027079
3128505
3147356
3585428
3384540
3096541
3136431
2550878
2554525
2519692
2607655
2506285
2496563
2549822
2583396
2599414
2554859
2536099
2557507
2549877
2586841
2559933
2455897
2558173
2553859
2548507
2653932
2555081
2549247
2541766
2627266
2502637
2550841
2536803
2653432
2549359
2564896
2552656
2646563
2503951
2552674
2496322
2623544
2550062
2566896
2555470
2651507
2544581
2562062
2572377
2562803
2661044
3890613
2581766
2600636
3611855
3436559
2813506
2576007
2540156
2524785
2522452
2556600
2522433
2503303
2562192
2571099
2554118
2549563
2569248
2550248
2551600
2412859
2374378
2384045
2367027
2356452
2387860
2422230
2361916
2368638
2369489
2360397
2396008
2360915
2353064
2356119
2394841
2362249
2377582
2384786
2368193
2374119
2359230
2358786
2363656
2402267
2358397
2359322
2364637
2363730
2354859
2359471
2429915
2392378
3039041
2414341
2427138
2408878
2396767
2404211
2397193
2396748
2404767
2452285
2403100
2398286
2394952
2395026
2390434
2426378
2405082
2398452
2394748
2475082
2395841
2383249
2399267
2394193
2387712
2509396
2411286
2361323
2391434
2363378
2379841
2354342
2396489
2456378
2355601
2389027
2388081
2514341
2388952
2427045
2424360
2405693
2389193
2391693
2383415
2386322
2396304
2433804
2389545
2394563
2389656
2390063
2386767
2411304
2396822
2383878
2385452
2467341
2394619
2382934
2402026
2385526
2405600
2447730
2388416
2405138
2389082
2445581
2395378
2378694
2416082
2383619
2438433
2394323
2398230
2398415
2393082
2387582
2386804
2396508
2401841
2382934
2484359
2386100
3653836
2398656
2375082
2438082
2384378
2375768
2376341
2370527
2367304
2372434
2366675
2367082
2373860
2365156
3021172
3643503
3001598
2929987
2911079
3002246
2985542
2924691
2912746
2919579
2909357
2955431
2912283
2906357
2910412
2904413
2926895
2898746
2903857
2900636
2923487
2918728
2956394
3137986
3128208
3131171
3129541
3132098
3126005
3177264
3130542
3485873
3098616
3090024
3089505
3084153
3083042
3084616
3083061
3160189
3138134
3140763
3133689
3143560
3141227
3178115
3139079
3143153
3143300
3136467
3141708
3142116
3090505
3086986
3133115
3131338
3141338
3131542
3130208
3125911
3129375
3126820
3127097
3129004
3142245
3143689
3105486
5163329
3181189
3145968
3141412
3134523
3124875
3128245
3315818
3309800
3279152
3269745
3240338
3224949
3208967
3212689
3239171
3410429
3012061
3007746
2981172
2977357
3083023
3067153
3099356
3001005
3102152
2973042
2973338
3066283
3009949
3002117
2996782
3069653
2974339
4710015
3058357
3113356
3135875
2533915
2534471
2534063
2528211
2534341
2545804
2539396
2540434
2549636
2538193
2573155
2540914
2548099
2500303
2542415
2542729
2503045
2495285
2462748
2547359
2545526
2542544
2560137
2501674
2519026
2497508
2497008
2537340
2544637
2533248
2506322
2534248
2535841
2528008
2524044
2626932
2538378
2544136
2599210
2544526
2540563
2546804
2547100
2542359
2540470
2557045
2506470
2546119
2544248
2540804
2542637
2546099
2549803
2542044
2537971
2543192
2539915
2558082
2546489
2543007
2492600
2543470
2542674
2543211
2539729
2553081
2554266
2557637
2550063
2527303
2552988
2502211
2504118
2492063
2532971
2550544
2544563
2504155
2496693
2501359
2495915
2497841
2540563
2547636
2543155
2494229
2497989
2469470
2572081
2530155
2536451
2410897
2397749
2392749
2395322
2392841
2406748
2418748
2466063
2409619
2395767
2394378
2422675
2397175
2389971
2410008
2395619
2403897
2398804
2393248
2402896
2397156
2396249
2402267
2418137
2373915
2350304
2416508
2391527
2390249
2406230
2388693
2388933
2397156
2398007
2401212
2396434
2394675
2389619
2391175
2390823
2387878
2397415
2395248
2400100
2397249
2396526
2398489
2394249
2394305
2419452
2410545
2396415
2401267
2409767
2393063
2391119
2390156
2388100
2393694
2390934
2405637
2396878
2389952
2389638
2399322
2412304
2402637
2371767
2365175
2385248
2370416
2366397
2399748
2367212
2364231
2380897
2367267
2368341
2375304
2367638
2370452
2388842
2369119
2366378
2435156
2366916
2366675
2372933
2367545
2369322
2381230
2371378
2378545
2389471
2367342
2365712
2441322
2398156
2393063
2397878
2395026
2411378
2398082
2396156
2392397
2409878
2429730
2408267
2498822
2766154
2982654
2973635
2969672
2953190
3011894
2985061
2972727
2981228
2896820
2980098
2978024
2972468
2969709
2977690
2972339
2970153
2973468
2969487
3017820
2970005
2973431
3094338
3122320
3114061
3122560
3108523
3104819
3112930
3111801
3166505
3189634
3128412
3116727
3120208
3117060
3156560
3111227
3117041
3119912
3119579
3110912
3111709
3113042
3118597
3152949
3111893
3153894
3116097
3149986
3169115
3130375
3143579
3134560
3117468
3108171
3126394
3181616
3140412
3177616
3154264
3188671
3127430
3110578
3244596
3178709
3143930
3140245
3131875
3105578
3115375
3112208
3154986
3115153
3105246
3105264
3100986
3195227
3167504
3187357
3223116
3168634
3244207
3208893
3183153
3201393
3223189
3155172
3175986
3174504
3182615
3174801
3108727
3185301
3174282
3118412
3174579
3164134
3149690
3122746
3155226
3142634
3178523
3145967
3116561
3245689
3149300
3156820
3104542
3124468
3187967
3130930
3112412
3140486
3269689
3133227
3230930
3228727
3218504
3158060
3243689
3219486
3220282
3123005
3263819
3188912
3116097
3216116
3143782
3114209
3194079
3228152
3234356
3218208
3149412
3265152
3189004
3186134
3188246
3199097
3195893
3163671
3146875
3183449
3193911
3114782
3173431
3198079
3120579
3116819
3113523
3193782
3106949
3194449
3153837
3230171
3119486
3193449
3112912
3189060
3181856
3188541
3116820
3114023
3183264
3219300
3122152
3204319
3122894
3192874
3117523
3157856
3156782
3210560
3171597
3155764
3114541
3121616
3165690
3141689
3135560
3183394
3247578
3104931
3214448
3106431
3200986
3108523
3219708
3178708
3194060
3194708
3120930
3178337
3113320
3108412
3218356
3233152
3167782
3143652
3167171
3142857
3223134
3294227
3163930
3261745
3129579
3214782
3118227
3145931
3129394
3129282
3199689
3130356
3179375
3217097
3173097
3218134
3109690
3141709
3124412
3132819
3177875
3114005
3184597
3207393
3164838
3174004
3115042
3176004
3184578
3191356
3127819
3183967
3215060
3169078
3196819
3131579
3184041
3150023
3117245
3155820
3154615
3133264
3192430
3114134
3220948
3217357
3234300
3203542
3109264
3113097
3110079
3171097
3108839
3224819
3190226
3224764
3141152
3115338
3211819
3136875
3202171
3231393
3159356
3136172
3122319
3120264
3112893
3220560
3126042
3114727
3178652
3212653
3119356
3108949
3111782
3110968
3137319
3125431
3178782
3177986
3209837
3115098
3117135
3117653
3161412
3199245
3139245
3175041
3218190
3118579
3185189
3140301
3133653
3109005
3193412
3132745
3204152
3124412
3192190
3187504
3159486
3131968
3161931
3200986
3182523
3152745
3148412
3186634
3184893
3159838
3147208
3242986
3215412
3144746
3175708
3189430
3211356
3148801
3180560
3235764
3183283
3152264
3139431
3163152
3186282
3173282
3185819
3152597
3112005
3129912
3113524
3238041
3113690
3263726
3216931
3210411
3110672
3224393
3180227
3160820
3170356
3244060
3173152
3166320
3212523
3229060
3175746
3261911
3275412
3196949
3102024
3257022
3258838
3181041
3181411
3126893
3259134
3129079
3199523
3123338
3152913
3111931
3121264
3110393
3110301
3116468
3108950
3108653
3112708
3110560
3107468
3129060
3110078
3177449
3109764
3110468
3114375
3222522
3128634
3139375
3158987
3128208
3124264
3137727
3133245
3127282
3123746
3128987
3126449
3125986
3149153
3139134
3154819
3141412
3186449
3163986
3138431
3144079
3146468
3157523
3144801
3158986
3170023
3149004
3198800
3134301
3176690
3126597
3156449
3143875
3166487
3124097
3126468
3124153
3151930
3129560
3124949
3162727
3132912
3124708
3151024
3125782
3126283
3122246
3154893
3124671
3128894
3122282
3118079
3170449
3121134
3152671
3121116
3126023
3120857
3127282
3125042
3188245
3162578
3128505
3125301
3144542
3124653
3168931
3139226
3234449
3291300
3339911
3938353
4515684
3310300
3277855
3267023
3270208
3945001
2460452
2466674
2487637
2636100
