55320.67744779592
34356.02142956837
39892.25766076788
34842.008428862544
35046.77162038992
34860.902577818495
30265.084307175475
38500.75905315939
35705.93484708314
34732.749581940705
35269.0057691766
33182.14717526602
37181.545869246445
38051.2476317062
34620.952263717416
34488.894935090226
35267.3991346262
34884.98855336313
35233.36599759973
39103.27500790212
37910.80902982817
39184.2599004883
38189.72229706936
38320.90565073688
38378.01707182126
36949.22560581334
34946.29070605826
34750.44355080032
39182.28742928822
39152.500621274055
39476.876556629446
39150.91454089436
37860.41338838868
38089.08136806458
39036.143402525806
39383.91522612248
39403.06544903897
39317.599376597616
39344.05804997187
38209.23910015119
38009.20456237152
39429.03471972939
39364.762086485476
39457.243692321186
39352.42308445932
39473.28385101358
39020.07582901403
38269.973936553164
38811.88204206561
39347.63802140402
39173.80273705183
39526.45115601145
39159.19763891793
39381.91183319791
39394.88364420182
38956.54883933832
37798.03355730418
38470.09764725966
23403.754254729385
38926.12551242595
38569.12819842531
43866.2493686611
45043.22742231686
43362.091835490246
45459.00812863889
44490.18419863137
58254.02964159208
58875.93572873894
57006.155477163295
57832.4633697611
57795.48745677379
57805.37092181101
59016.683688608304
57997.6784818141
58129.044055760285
58686.18743145637
58591.5566311808
58643.263660520664
58664.04851190901
58203.45340490202
56297.10484319301
57882.41990319166
58079.972896012645
57620.76652425535
57974.32864519631
59081.69809006102
57886.70125397066
58004.593641568674
57691.31381150085
57472.54887561344
57791.637068519216
58315.62603646913
58488.89076631007
58618.5083055099
58879.47453340061
58546.12886084277
58770.90448422002
58989.364709120986
57942.789542936014
58139.91046453788
58504.71694280352
58260.558208973336
58237.01981757254
57859.99969462778
58415.05355930223
56674.59455034416
58455.009736412554
58227.41200988896
58540.845045228896
58274.09137944082
58601.284995954884
58389.61443391269
58231.768098453744
58607.46227653362
58686.18743145637
58743.81252238587
59235.61376734389
57978.20341652669
58062.19832353466
57191.878753217046
58703.891456504694
58419.888077231095
58674.661632598014
58088.219870366454
58678.22410354751
58683.96322145616
59093.360122323254
40464.15760789388
41236.21593573564
41290.310741129535
41354.20073960839
41314.65528371405
41079.80550994302
41400.438844651755
41415.20352121264
41202.34155196059
41355.970366149675
39674.06652294002
44008.744292997995
45184.04024391851
45513.56367410771
45506.63101137855
44104.607553220325
45769.397881321864
45377.58404070369
45562.108272655045
46004.43495531979
46364.04468334807
46422.44163989854
45928.619270883166
45350.57410992413
46087.60998616092
46270.233587562565
45943.55132803983
46210.57259392138
46304.96061184288
43525.4397127321
45811.4641916599
46369.016223359555
45669.12402497213
45773.44243941933
45384.46313331812
45694.09327687575
42363.29526422487
35865.84381122411
33711.83451609588
44499.07942529439
44910.82394520381
44792.58234836311
46105.90783172881
46430.763992426626
46355.462701557735
46546.65817621142
46570.909546033894
46812.58322237017
48904.67121117852
48834.96393504
48749.22686773015
49579.74281885628
49319.37549340782
49381.6999650213
48579.58685760244
48566.83977597196
48355.13623891735
49492.97199797629
48301.07671150169
48509.57693585214
48142.582281189454
48361.14490980479
46159.823259165605
42456.51008666435
42519.20376885498
42612.16097809113
42273.24367882903
41510.952549521986
42643.24131277219
42271.866223634024
42371.59714144727
42459.063860201175
42477.61297053912
42454.432242726136
41670.886808559895
42623.134238897335
43346.62429132785
46123.954283473984
46215.511273535805
46075.03126862799
46259.51653022786
46065.214908622926
46365.68681588476
46604.415250518156
46124.22021240203
46248.4925079048
46050.48348210731
46311.2896954486
46391.692794210314
46195.19974130688
46561.69375921332
46126.70236360911
46260.868894770014
45623.84910672306
46420.22684017516
44958.84860388725
45724.99842820318
46489.04408194469
46293.37914663299
46336.41459764386
46494.04246649604
46141.20168992151
46432.4258266181
45835.217935320776
46247.111161354886
46327.574558440305
32793.40360686448
43383.869515781786
46092.78798309803
45243.452188510615
45524.743804762074
46459.04635064191
46446.56371226741
46488.77392961212
46625.918635829235
46704.328518246795
46325.36880140829
46676.01915791276
45986.481890427625
46720.04215186025
46557.23775908376
46720.04215186025
46604.40016738747
46700.693310709445
46653.320793093495
45758.35900356089
46020.225249827505
46845.00516758963
46826.67950064549
45611.27662795832
45871.457345756426
45910.98879516812
45963.378040166244
46321.22612285547
45968.542832307074
45912.364773738125
45404.597530809704
45864.152291917686
45896.911711553206
45950.61776457265
45882.2877163557
45418.11634039743
45875.797649502536
45867.67303738916
44704.00361605718
43913.31024631707
49332.19960630164
49437.57887697047
49178.39634030768
49500.83223274191
49430.6719378986
49572.471855573356
49522.89505341938
49500.83223274191
49426.277617790714
49471.8536072883
49491.39004473815
49507.4524186969
49138.30521985297
49522.588490675305
49410.57303912082
49560.78475372592
48971.19677443051
49460.536674300994
48516.24519301717
49195.180512149156
59721.05291534126
58924.11923786562
59357.25980507735
59335.980926778575
59477.12175338555
59392.61155912205
59495.30627481295
59524.0063624549
58662.280031726514
58535.53838874426
59251.87106299091
59393.51793993584
59520.365058239026
59639.50404782425
59577.816696434886
59610.69250238236
59617.084434765864
59604.77069961928
59699.48770377114
60729.41083193388
59758.20336961569
59827.621665077495
59870.03213856586
59758.20336961569
59629.921797842144
59777.03167186395
59710.47881584169
59648.1998877454
59801.88135057565
60633.748997332536
59819.817724030414
59743.05507728843
59759.1457430116
59792.693748051024
59701.7895611421
59806.47621072812
59823.49576104834
59856.19549033447
59783.012573945154
59768.32303782464
58770.90448422002
59750.86379417155
59608.8911628577
59937.86441389094
59958.65351184912
59863.11301490592
59843.75792202525
59814.30151641715
59864.03381320177
59707.75541547268
60983.279147148845
59404.39666790838
59695.82489887983
59592.437388626284
59745.806487481794
59516.2568242208
59670.17311808976
59790.384875689975
60270.00964320154
59710.94924652246
59769.21611427874
59745.806487481794
59903.70479454277
59567.786072224284
61108.819530378714
60989.50387579826
60016.50453874816
59968.81621556791
60041.053070036636
59949.41767883349
59906.91962363478
59899.07006693721
59334.17170320388
60260.198515506745
59409.86203709816
59817.50675647047
59811.54379409544
59813.382247388145
59793.14064716939
60668.77209775762
59860.79870102067
59828.09394340262
59738.94082857911
59864.92975224649
59798.65295228857
59799.571768622176
59828.09394340262
59865.402619776534
59756.83946076092
59827.1742503842
59809.23346575818
59754.53335651588
59789.93801776426
59855.25005362032
59876.0067693152
59821.184509304265
59841.89273257613
59804.638181939
59846.96631987289
59856.64333920261
59831.77299825325
59850.64769622804
60402.02581683253
59846.51861579989
59767.40518150199
60714.71336752472
59376.27695074779
58833.16670745494
57294.71086263951
60276.08960543021
59534.48990104871
59681.623406469575
59179.257670186606
59982.70498672883
59667.428669453635
59703.150958173384
59667.87369802835
59773.35934581379
59723.331666057
59525.827181642235
59577.816696434886
59792.22202845113
59664.68447326028
59752.25222421535
59762.816322719205
60404.86359826739
60945.51893839677
61057.46440222622
61124.668430509526
59847.438903661416
59882.00749439958
59797.26236505648
59807.395267490654
59274.45596134318
60045.23407633751
60025.31067266698
59980.38141691156
60026.68686453519
59913.37524495833
59933.22439914862
59868.63822961784
60065.17071022059
59977.1337177701
58893.29679767699
60028.0881429102
59894.909390232395
59744.44314444962
59667.898422032704
59137.86844124078
59701.31927477823
59745.806487481794
59808.78632605009
59848.8318256138
59871.40121946402
59871.40121946402
59904.60192144011
59572.320383248596
59570.96494621032
59469.384417534544
59890.30093212599
59200.44860784389
59886.14147352346
60053.09694655024
59224.796764351944
58856.29948374033
59684.81444239876
59587.87535706172
59856.19549033447
59663.7450767052
59684.34442343058
59897.69972035262
59785.79248766607
60071.66048498688
59995.20038396928
59976.70904465432
59735.71922220776
59730.66447875455
59904.12843445137
59374.46526903023
59914.29759015542
59685.7545025441
59771.05196636384
59582.845602227404
59950.34113409393
59973.88637030959
59851.120338158835
59798.65295228857
60087.45227950513
59351.36378305593
59895.83116696213
59991.5012039961
60010.00166694449
56957.293895681134
46161.732116416046
46275.46757503696
46877.77726414781
45836.31216311106
46196.02964373558
46434.35729690128
46033.30381660843
45508.24173219537
46459.60095719684
46079.410183549655
46420.22684017516
45829.28083674082
46588.477828252224
47075.28449490508
45912.89176609677
44252.6828188959
45844.9511019025
45893.12320232015
45975.602280389874
45456.884303074934
45770.75083738224
45813.35892094269
45924.8255255283
45340.79273338228
45140.230948706594
45128.97013496383
45192.179744362904
44928.97010632254
45038.52201085741
45198.222454351366
45086.05801323276
45076.91248192228
45099.656146441084
45860.36918871096
45792.58376385782
45777.74966119697
45175.90367493428
45684.42405424518
45861.97583583451
47770.81156969247
47848.702403001706
47705.75092827441
47876.685616746465
47777.84892843243
47876.98805868123
47835.17592880797
47862.85696052245
47870.796719653656
47927.15073088905
47880.824627502145
47823.68999621396
48004.6724547856
47805.17796473439
47917.69337534562
47213.34695088665
47944.00140635737
47737.96630296303
47746.46626413743
48811.04431229306
49082.78254384473
47477.10301311456
48346.10980005862
48178.37239406028
48679.33636542496
48647.350290313196
48630.62574444538
48375.27929165153
47804.876429374104
48594.16080415237
48688.17489333401
48628.49082491819
48459.39506521827
48567.151000331534
48438.57904082868
48785.610955079974
48822.992917275544
48736.39061675564
48097.6221404043
48360.25163450934
48807.66931177119
48297.17250240732
48751.96658323535
48137.80248257345
48730.60166726339
48446.71097297817
48485.09335905737
48271.98042839371
48666.849392661374
48545.9313621213
48515.6403980304
48833.09255905752
49417.169103150445
49487.29104506849
49423.12233321069
49256.2646101264
49447.95139541089
49173.10640855339
49246.9154844272
49508.711986162314
49503.35075805444
48957.92712136568
49411.82768174117
49382.004785939294
49061.71179719523
49547.84153774479
48452.15551526849
48524.1089002314
47350.18188717438
48177.77599341571
48720.214693746086
48746.47095861289
48399.08270294088
48816.8523910596
48615.718069348295
47941.33578544388
47670.94336824347
47803.13077309945
47868.74390421464
47747.352840337495
47942.229613315954
47715.12479990298
47770.81156969247
47823.40410975737
47863.14331887024
48029.2818521692
47764.06145775252
48720.214693746086
48624.23796702061
48757.16628766999
48657.09788794406
48638.83872070396
48544.409369610396
48748.913305474234
48027.80810089041
48597.19472693439
48860.11721677843
48847.22250961425
48716.53909586839
48818.39151536355
48740.9765728527
47845.17302010694
47913.866838712944
47847.5258841824
47936.30862460744
47380.20376119851
47905.30717614848
47965.001537211676
47913.866838712944
48993.72335966292
47723.616628233685
48766.64415724804
48786.23902817812
48826.03892655954
48404.50027395602
48018.0067525322
49118.744906914864
48751.058812058574
49367.27607826359
49340.97250371514
48805.22107409446
48872.089862197674
49268.12878962577
49545.30143671052
49108.19182614609
37573.385518591
48907.11282633186
48376.18937396843
48584.7498543301
48228.264375288236
48561.07465658215
48103.566979707306
46453.216288433185
46609.99667903774
46598.80499953401
46467.38183409338
46666.76172858871
46608.30702445447
46554.182279021195
46098.527920341745
46562.822948745976
46650.52472121452
46609.42338964443
46609.710032578245
46566.16567077591
46621.45033504311
46591.824234931504
46606.632576935735
45496.5234653059
46315.69873825101
46443.507762032496
46414.96005734827
46118.20801297459
45456.095094150936
45371.478984183
45836.8520013993
45677.98983855051
45829.55796436561
46841.896563333656
45852.527445444255
45531.94113099444
46280.43501037775
46291.72725042892
46307.43247154344
46338.33808837622
46371.226138944934
46255.10331912488
46182.29563211697
46402.48614209086
45650.635685101915
45682.815330391444
45856.03180370561
46309.368449555914
46251.52284744931
46325.36880140829
41156.33290214453
46023.49051740311
46190.79879288046
46398.6137125303
46482.651318783835
46417.72796181368
45931.87155152121
46335.8629282206
46316.80113012995
46385.87962284414
45978.596963113676
46365.149377885944
46096.32916364293
46369.553751007086
46427.141306807964
46349.673524487116
46427.15627542008
46410.80134049864
46448.781025931
45391.34431194445
45717.46416655634
45789.33661744631
45856.309254949614
45679.062081969176
45815.50161133755
46486.552796133874
46629.54221123118
46322.06055966056
46265.283206184125
46347.182236154986
46170.50897214828
45980.49086089848
46301.923266137666
45831.97932723111
45851.70983891722
45545.80959574298
45725.521128048604
45738.43270272528
45724.98390893362
45590.94411879987
45834.41553481124
45848.45430214513
45987.56866598686
46004.15570873235
46773.71784794125
46739.13396279695
46759.65343303531
46799.62092307052
46073.39491810454
46160.63709372629
45507.17749316129
46124.500918486156
46127.78100067173
46153.78698232438
46092.507662879405
46227.6028869138
46111.37048757011
46225.95568150702
46145.844582718186
46158.18088044807
45606.72623200712
45359.57384680371
45840.631225491976
46059.20334850408
45628.40292034453
46127.23428791082
45792.03040590819
45997.35195800186
45944.8999406226
46132.71677811669
46120.94063658428
46070.40261372751
46070.12256572191
46099.619998271264
46171.885746386164
45970.43590188887
46028.66882852244
46082.123464249235
46292.545742821756
46232.27802807776
46073.11483371925
46084.32086592439
46118.754511791354
46246.84381348905
46175.7056144848
45943.815180793696
46165.84631453881
46157.08602623069
46210.0239168964
46142.561931168755
46204.256182065306
45680.93138343432
46233.92568410157
46203.97450439018
46197.11152560186
46075.57674463251
46063.01932855472
46055.388000652456
45700.2564609531
46195.19974130688
44003.51294711695
45238.719065669655
45142.33943904374
45615.27883764667
45628.12822011009
46035.74675735708
45733.856901302526
45992.73889634674
45500.23239875645
46149.674933227194
46033.02421944454
46082.138211213
46208.92660193353
45957.657040346036
45998.98291137785
45999.262095170554
45938.12835942502
46023.22574871639
45540.73935390341
46030.30200353282
45657.337245067974
45992.459791730806
45597.62816337503
45953.315898730376
45441.47816079404
46037.925019566115
45986.481890427625
45946.24863238119
46036.026387594575
45982.12061876607
46018.578083460445
46035.481847634066
45978.05378091266
45921.01776282368
45974.780278862585
46023.76999876631
45960.64938567528
45966.63524549216
46012.87274021675
45980.21190491548
46036.570940437625
45557.812706137236
46004.71420529732
46429.92563473577
46497.39033396751
46194.103130259995
46054.843002558286
46133.79569648576
46064.109724709364
45755.669175072944
46017.225142150084
46017.50454742423
46099.339594946876
46148.86148515369
45968.542832307074
46108.90475020981
46031.67042858362
46043.386299214864
46146.12555207109
46187.77640497443
46119.847548281716
46064.93492368256
45571.17774911294
46126.421630729164
46073.11483371925
46083.4949722587
46077.75877781305
46172.70000634874
46077.22799396388
46150.784226815726
46080.76678395929
46145.57840438203
46079.11528098661
46116.022147219635
46071.75868380664
46073.940355364466
46129.70198610791
46094.70605501979
46028.10975019202
46113.83648866192
46075.03126862799
45520.22504693483
46070.65318588165
46031.67042858362
46042.841585127135
45787.72049649152
45959.84258753914
46010.9614725297
46033.02421944454
45444.40366370257
46152.958596950055
45578.37533982002
45961.19215672256
46085.67775549948
46115.475713156615
46137.09188297968
46108.90475020981
46157.89976427417
46141.733948684625
45998.99760517718
42220.69107061704
46316.81602767687
46134.62339409861
46179.82230389209
45540.20646791108
46570.352278842576
45685.22121164821
46575.639323424155
45597.35383356586
46743.06344299667
46378.67869076855
46418.83521603616
46464.60800488394
46462.6590257103
46493.48703735752
46531.61726452255
46452.10739340129
46501.27926956824
46448.781025931
46484.31686938456
45824.96391284092
46492.39122959783
46255.37076249409
45611.27662795832
46576.1967171544
46675.73169881836
46597.41772643433
45110.902333956634
45575.43256307687
45698.11003406731
45643.67567252311
45705.899044556274
46625.344954700566
45696.50034621446
46022.40204339465
46362.38774023927
46270.24845516815
46160.63709372629
46185.86539321972
46376.214155051144
46320.95791740973
46457.667386330344
46474.610339438936
46326.739922968925
46277.66858247645
45780.98060952925
45353.74503825305
45122.94592672974
45070.90216296511
45108.019610711526
45727.13286113718
45220.29348598532
45731.16995258885
46473.20045440462
46450.444150114934
46456.27351647214
46512.67955024823
46416.33648749531
46356.01483778775
46384.504998413584
46210.83952259068
46052.92824665948
46423.26476122806
46438.250671097216
45671.00699813034
45708.59753325935
45697.573458849336
45707.78505152283
45297.74775823334
45416.78415105623
45444.13117448463
45656.526584622305
45592.012279448645
45744.883958889324
45587.73993713957
44888.24230423817
40917.46038962515
44879.96013163542
45355.33066870766
44540.89472759531
44361.99138514773
45794.20022814416
45761.587215229454
29516.846124991545
45370.14952930045
44578.16518129537
46493.21683338575
21681.77062975305
57301.869831639946
57266.84440598375
58361.57182303312
58706.117177409884
56931.847833822256
59104.59008709308
59159.467219698134
58247.03132274559
57323.83668438928
57835.48295238894
59015.32923176795
59164.86330245941
58033.60387471029
58600.402633599755
58073.039752608856
58880.822761363386
59026.989271024875
59094.71816333616
59136.94556033488
59248.26297670679
59141.438804422956
59162.16513803683
58976.84994814952
59023.38432707809
59181.08178085739
59140.564389905536
56551.35687911912
58919.634845563036
59031.90141344509
59097.41017911851
59192.75875251261
58997.84780767685
59065.09794141727
59213.058453157544
59012.644688554625
58980.8840497258
58908.90882700908
58363.32221863305
59308.36560971471
59288.90371111481
59321.92567209888
58892.42970534154
59550.44377486955
59063.74126143745
58825.13941353787
58787.771653597956
59077.2139185916
59184.68168916369
59180.61966218552
58607.009072690606
58648.5659814695
58740.26604445496
58634.42858917014
58580.97355069044
58766.46736400154
58754.93398638354
58738.92424555155
58524.97553330885
58058.71025800646
58786.907665771934
58797.997438203914
58705.68637954694
58822.472145108506
58386.986513822514
58822.03963788499
58544.79591650049
58681.73918004495
58792.21199165151
58846.51032020674
58580.06796915108
58767.78643786409
58383.48298830992
58756.25254253401
58721.630112451916
58722.51612932166
58682.19354039454
58376.45353315377
57952.28032161906
57744.847174652896
58657.40531411652
58721.630112451916
59229.303368790024
58425.15007960427
58528.49606151995
58681.30873988817
58814.904186845146
58859.88404602843
58886.625661401085
58778.46112274208
58908.90882700908
59858.95733178697
58882.60444301963
58929.448354886226
59833.61269536297
58794.44441495649
58788.227657411604
58475.685079198
58871.45866712565
58881.71358871368
58842.061776809605
58526.735744472266
59559.55707542722
58864.768414146354
58855.40942520336
58761.57531622093
58846.05341178383
58860.31710995843
58805.12878731574
58931.25709784021
58491.076455148315
58833.59937832497
58907.58341047909
58907.14965075015
58520.551686245315
57503.141708106865
58647.228368641816
58365.948008910535
59022.4892079018
58678.20019290459
58844.73082213445
58721.17514120607
56207.16399337849
58628.651414803
58678.22410354751
58734.06073836056
59875.533734249926
58826.91772687887
58857.21362593544
60063.29169362215
58611.422145104785
58548.77112634824
58112.0836814005
58702.57524936365
59041.752359210026
58575.230731494805
56617.23798308953
58511.75354849405
58713.20231590964
58857.21362593544
58543.915254430234
58674.661632598014
58191.24633930588
58686.18743145637
58703.46069130662
59159.467219698134
59810.127765231955
59807.84238639937
58785.99570617289
58672.00799243131
58794.87651646889
58737.17520687519
58762.00693473296
59614.344867329106
58818.02723519736
58786.907665771934
58754.02301852057
58739.810784384514
58808.683102060015
58742.49452450603
58671.123499048015
58746.0173055976
58713.20231590964
58868.78719669288
59747.640901741266
58693.69837552962
58805.58506044112
58681.73918004495
58788.227657411604
58719.42715936616
58179.49100217809
58831.38801629139
58841.17214883874
59870.00724676546
60410.007756812796
59542.687351685985
59526.73763301022
59485.303412225716
60549.257451658355
59483.48507129757
59561.380070265885
59510.329174773564
59567.31789464279
58822.472145108506
59774.74882152423
55683.119739588605
60313.47930870701
60383.738659179086
60547.83173589372
60525.20748797692
60581.787095406224
60482.34671505255
60146.4817440809
59803.69437321991
59817.9788751146
60776.39309833409
60511.5495116844
60628.081664341895
59992.875845993294
60448.50270318148
60634.69365584253
60550.19947926829
60633.2894443759
60553.96788284825
59343.21892455251
59171.59763313609
59439.38751013359
59439.829143513336
58938.39668733467
59599.713424711284
59123.03297874568
59386.73300384694
59466.19181811275
38335.432908200484
59996.10025348352
59020.263623844185
59417.55937423407
59356.330064063615
59384.43088683224
59405.327915347414
59294.323433240155
59455.290447351515
59498.50200125691
59483.01821791356
58945.56213599069
59412.582842388736
59309.24499331123
59363.59749996805
59517.609772791526
59393.51793993584
59577.816696434886
60464.49327605442
59332.802634376436
59514.43659046752
59401.676612322386
59528.11566643586
59601.09483900047
60319.11324201411
59529.444544808524
59520.365058239026
59817.05949305042
60214.94225428854
59443.46060013127
60290.575452608464
60451.31947598781
60561.96456283934
60476.2504724707
60529.43075433121
60044.75836363022
60410.46393138714
60633.2894443759
60158.59309103625
60521.4172266649
60375.308008407264
59388.52094125857
60344.39046508343
60552.05816025186
59280.31230844535
59297.96155021343
59300.67211546499
58968.34873881444
59364.502995433875
59306.99773150734
59647.28571712606
59714.61390769945
59215.29860136754
59213.95936195314
59215.322951735805
59213.082801683464
59243.290388804664
59316.06110048594
59670.14839220028
60538.87163110639
60421.2620742871
59100.99991504231
59524.47385945528
59471.20189647055
59499.85414271866
59451.19119131517
59484.83653029906
59441.17861950339
59513.96925111589
59549.97586985353
60190.2513528177
60344.365177278334
59498.94451351556
58433.922190363104
58569.94166189769
56221.38419390443
56126.84979870339
58869.244458216934
57938.89619160393
58742.039229891874
52221.82088785799
58386.53671337319
59215.76126178918
59489.84975094822
59796.34361968861
59761.42740169349
59573.23225741593
59841.445104408784
60748.85621294162
59812.43816266159
59893.53923401154
60009.10138037602
59758.64975330882
59885.69318313669
59842.365236240206
59743.52602141722
59856.19549033447
59739.83302716669
59931.85248939851
59947.09668717357
59403.48995503486
58810.460420560135
59428.02997318722
59693.52350142311
59805.08525962468
59249.6037682748
59054.75483049439
59332.33814323568
58713.65716361661
59332.33814323568
59392.61155912205
59326.91146982835
59281.21526491293
59294.323433240155
59391.23979213066
59439.38751013359
59591.50026567878
59291.174014654796
59458.01541531631
59409.83752647142
59448.00054494
59435.75655114117
59292.98061695993
59387.14936321717
59423.468556112886
59354.984437865016
59305.654341112124
60617.668787583476
59366.31406923926
58467.327726424875
58455.460592494805
58793.55622623761
59687.56049064833
58868.78719669288
58750.93073306066
58670.23903233219
57870.76573873841
58390.04060540741
58968.78340028747
58161.65547458699
58673.80096624341
58661.84987699343
58928.99015763095
59088.87418050091
59754.53335651588
59881.98259264034
57195.24072046938
59613.90063687517
59777.97463919426
59081.67384946646
59048.48290505414
58576.11233596655
59733.88553991966
59631.25522549932
59282.58195405271
58450.193129179796
59118.51826002705
60216.80559046132
59834.532586343514
59749.94647400628
59060.156050056765
59923.996397901996
59011.74989509022
58122.94374950303
59106.84629675085
59172.497280736105
59827.1742503842
57715.268935117216
48473.603261734905
49044.701179831594
48921.28565138692
49002.95991489819
48946.52795764493
48922.1997731233
49088.354265198475
49041.91176270253
49140.468370089155
49048.409758589856
49110.98878837052
48970.26416736948
49129.5874752305
48128.87307914827
48861.01247482725
48825.44293831515
48953.31689317775
48518.95878314451
48977.975896713615
48406.59929857493
48943.74969622586
49028.620457191886
48712.567436460544
48741.273535011635
48657.41027016014
48710.7383837574
48869.933689608726
48985.99000685804
48889.27970134082
49029.23810947344
49027.06804854905
33915.61418350985
48454.87824534118
45726.05835978723
46033.568701265154
49067.89736222569
45970.43590188887
46292.27786939791
46209.74216889276
46261.70115840585
49290.288307111354
49551.93352332829
48009.40984432949
48230.36429666899
48304.057943401065
48296.5731568988
48258.19744238256
47638.534678372074
48523.7982272639
48700.67281332288
48296.5731568988
48349.71347758336
48287.26091518443
48329.883676011224
48776.125712334666
49214.801761753195
48325.68288552653
48444.29881250913
48485.07703403316
48431.62262079654
48064.021276340085
48175.98688007291
47428.158690666634
46557.79471245712
45709.39553450948
46252.05765447465
46306.88149200772
46538.85072954497
46472.93048617786
46447.38768924891
45860.35458334435
45912.35013523419
46291.99511748041
46497.93084207753
45995.721120276896
46483.49158164599
45505.5668476777
46202.328982400126
46325.920220974636
45923.46344556092
46287.59058626126
46330.88358786363
46359.61150645558
45911.530393911366
46351.866676580816
46260.33388395981
46274.91735588978
45604.314168120305
46358.775716243086
45838.45700113992
46050.188949681535
45802.82329875114
45005.16152946291
45062.27042494347
45001.77194477032
46375.64660211434
45231.34419074058
44966.907166756966
45083.446642018964
44663.945681198056
44234.56236812187
44895.75766267697
46091.961785922686
48147.92647945371
48227.35985012008
47826.93028162091
47866.0866449297
47902.343089887414
47901.179865936574
47344.12604058444
47898.519004402675
47859.023270453006
47924.77407961969
47868.441566428264
47935.71820189126
47928.04402989645
47672.695165889396
47849.87897968108
47558.404362690955
47553.15881764354
47482.89544101553
47752.324609691066
47662.17053524617
47823.68999621396
49020.575705811185
47683.508658530445
47727.428654951575
47787.55247089854
47806.35240187082
47700.47283093694
47781.08300470014
47765.53491096703
46682.46522318433
46974.0399925233
49277.48597217123
49363.50220336049
49410.55608492714
49483.51580379786
49534.257582955266
49252.82776217725
49358.493825560916
49326.87653654077
48207.33976834364
48517.43848140418
48557.43940436208
48566.233718929
48295.66606766625
48799.69689966037
48771.83047453636
48441.283949687
48745.56339208189
48843.229514335486
27804.826338585164
49352.53923955277
49382.95314175033
49540.25610248228
48781.03312130522
48359.033585013
49054.2911774154
49458.95679382313
49595.555136136354
49611.36045030578
49587.64771695371
49656.98746230034
47708.37460880789
47729.754132104026
47993.7128236201
47118.0598615318
47413.417009234094
46049.92387371959
48388.52761775214
48908.9732681893
48250.40351075297
48922.1997731233
49031.40836251099
48964.08654266285
49440.090969767385
48907.428427035215
49342.83228542635
49681.43504825137
47978.01007871392
49659.53902843181
48241.43228812464
48904.65460238648
49612.64240378765
49705.237585858034
49367.59764585126
47975.64436454427
48614.81536498248
48807.040686769295
48643.09413316993
48715.00638707862
49647.81084184069
48801.21840375281
48753.501618683964
48720.80811580395
49706.81608167382
48594.16080415237
48672.31062668642
48305.87278648401
48721.43452143709
48716.83576032264
48722.63792482164
49120.30312684841
49391.42221914288
48724.48435791788
49519.11437814997
49619.600293444804
53440.96740026765
59393.98338948265
59385.36150838818
59540.86550090614
59492.1354702027
59503.492937679184
59486.21262437886
59452.099360972505
59809.23346575818
59960.02664890073
59081.23752216572
59470.26858260048
59466.19181811275
60035.94652298064
59938.76256424686
59840.52500087268
56106.599421868246
59237.416985342024
59392.61155912205
59378.553950776826
59341.84943818928
59337.301240644076
59462.091058759695
54796.3345818526
59496.68285334522
59933.22439914862
59678.40797900315
60819.67178495177
60931.67063216185
61013.872605576245
61039.269868600255
61060.856047759764
61040.718822287155
61053.141247714215
60987.566583387576
61028.249722512184
59875.06070665877
60833.44352354064
61056.53241296264
60978.940668761126
60553.48407506445
61020.56901680608
59254.5774161054
59472.55279737825
58351.04800913518
58029.69831004623
59678.87790447567
59251.40783813832
60175.310738618515
60249.9368212468
48691.51692334535
57950.1113929919
58614.9530815794
58480.078395793986
58393.54491801789
57866.02167484359
57653.640947537584
58149.888606619636
58471.268680352194
57123.81587090018
58469.08447158565
58033.58048653096
58840.282547767885
58845.18771001909
56278.359016848335
57027.46704188628
58347.123243711074
58626.885068098796
57826.44837182406
55449.23507010092
60081.41031097136
59504.84530599747
60064.21866045114
58796.244879827005
59791.27861158008
54640.37149381464
59582.845602227404
60047.53763396022
60500.261537588936
59810.59976740322
60426.9161626894
59478.00614853888
59656.89826385998
59270.84512404688
54855.074037207734
59689.83668611976
59511.239152113616
59718.72480616297
59838.684878681226
49724.306345926474
59676.57781349163
60333.61977836612
59500.7637997353
57654.93362075385
59782.56582620959
59863.11301490592
59972.06301397933
59868.16531097146
59521.71819359852
59877.376123480455
59230.20477198016
59491.64390285015
60658.34524034185
60156.70822492594
59527.64811222946
60248.52516631103
59428.47143780996
59923.048818142706
60102.77574652657
57347.09929212174
60149.24531493769
57909.118876563094
59972.5125983924
60121.370015719236
60403.900749679524
60129.70478402788
59749.02918200674
59093.7966286989
60021.58276080107
57711.40609833222
38958.298388100404
59210.81847443326
59606.59646334195
59216.22392944057
59360.88117930284
59349.08886784195
59672.002890777025
59429.82039813027
57578.53472225554
59852.488554250674
59796.79057336818
44009.24194080757
59260.893201582105
57839.339185549805
60425.49620242541
42097.93910123824
59482.10910340634
59875.533734249926
55774.56540381172
59706.369052530405
59947.9951142384
59530.8227035675
58837.613905943166
59768.29823052632
59901.36242320978
59586.938377588354
60462.13223068319
59748.55815111406
57063.466462928955
59221.19197454147
59549.53259819987
57846.239873895196
60022.53345943623
60253.18892094489
59814.74873859418
60063.3167464035
60878.219041523174
59411.21015271569
57336.527190255336
59377.20731675637
60070.73328844714
59618.466654439355
58989.79968047192
59403.955560890914
59636.76241956285
59272.186937891805
59588.763049008034
58727.401675443834
59593.79380299037
59712.311061332424
59613.431734134036
59198.623303126966
59473.92832317802
56947.2703868262
59082.59500604366
59610.248326359484
59538.13293376631
59676.10792424118
59664.2147712851
59682.98388393649
59914.771237914065
57159.5059830919
60052.17032296808
58871.45866712565
59538.10831718431
58959.391309795166
52823.4694674844
45993.28242558351
46271.33381618327
46285.373757607354
46190.79879288046
45640.98484370657
43271.36313207742
45170.64623196821
46013.15209263981
45417.31415250819
45437.75012455939
45252.92140604598
45430.59687601549
45213.98933389432
45435.37023674037
45207.40308898418
45498.90976397125
46155.69534035819
46317.36724365026
45448.376640796865
45639.10434525475
48147.63670334469
49019.023806565485
48177.77599341571
49027.368507065556
48701.891662641996
48227.95747901749
48940.37295283099
48815.31336380222
48612.68183337328
48995.55705566643
48951.15354753089
49026.45045094121
49103.23511890655
48871.77471740915
47475.64730077867
47889.072944037296
46847.26068776333
47443.4878870845
47910.327836399534
47897.324102898085
46588.76421361725
43697.6330145328
48992.15649183498
49058.61959946363
49190.827960203256
45252.92140604598
49159.10617820722
48796.93528137024
49289.9846174173
49270.30338531465
48240.834325229654
47887.002636112986
40073.98102163049
48436.444657325614
48909.88692985167
48451.536014632366
48184.33721273017
46197.39311960409
45639.3647127208
48773.97799887142
48185.82058612027
46180.370263946475
44132.12791329508
44748.499449189476
45139.962094970724
44189.04811266734
45308.03802351235
43539.57384432667
42909.13186780769
45451.03046008121
45449.179926359706
44931.56361217321
45644.19651474862
45558.619864887056
45189.81132939952
45503.97069544287
45683.337066254164
43472.62990391643
45663.76564340721
43735.96235062574
46242.16572614169
47317.33700656068
49182.42752849763
47970.91363603202
49020.89277258425
48934.81814258383
48927.43585579182
47500.29687685548
48998.32452951401
48851.1995853076
49064.821102506976
48689.09678682392
48883.43778207696
48718.07190110772
48879.1402159236
48964.38622971846
49015.6366688701
48851.497892091786
48718.97844422032
48907.428427035215
48764.79452750639
48148.23235801956
48445.7982353618
48068.46551771907
48438.56274711235
48804.592512155396
48600.2290285793
49387.96648477719
48875.1420009551
48588.07770043425
48694.875878790335
48881.91114694276
48254.91462901354
48855.508814856956
48827.578630203316
48396.349974171804
48726.31444308868
48679.92879208193
42559.215680943016
48641.27029379665
48693.34453280258
49319.37549340782
44630.100151184466
45328.10465252073
41797.428761507355
43549.08072124536
44781.74497045027
44865.72529651104
45352.68801287512
45481.60758532144
45438.55303452226
45440.14460063793
45511.95257654541
45524.743804762074
45480.80315308301
41808.678262187444
44836.48693670271
45267.14689660701
43494.755257428544
45163.817634777144
44324.82214665114
45226.34371707153
42774.82677680393
43562.004614547346
43657.63681211936
44560.53564239427
45238.43482555243
43233.350206349176
45547.95614617478
40925.64719363743
45546.08330568412
45366.97630678157
44518.95873865423
43974.64861507341
44167.71462748827
44886.4373135966
42914.34921730485
43453.68696989897
43717.28034798955
45117.70080196713
43065.02130372773
43315.70925413056
43017.858087073524
43391.1118128686
45485.6014381031
44248.399452426056
44088.33587963884
43310.641364429575
45286.39398596688
43285.8011149701
42312.122423074215
45115.60874741525
46259.76916375187
45397.969954110216
43057.86169276601
43694.92808087931
43782.517640706064
44446.9411553365
46306.61345265004
43880.59237580802
46151.86399045682
42844.82496996399
43160.64181073279
43208.11880552356
43245.606816949155
43288.468643366454
43293.518328942344
43137.65314990244
43260.04061036312
43271.83123985816
43165.1829634217
43467.525230785395
43282.678572609395
43544.44527098253
43462.90712520034
43498.6574320628
42876.73088747389
43173.81508115328
42798.842172433564
46923.879040667365
59048.02285486529
59523.095994633
59493.02031190869
59585.58227527546
56830.71668664293
59190.520309336236
58926.33757671166
59199.98618666989
59446.184483802776
58822.44811676256
59178.35781700901
59526.7130258503
59195.92205870262
59366.31406923926
59434.38279044427
56889.36085988269
57892.728793873335
59234.71219951239
59142.799056179494
59491.22607698743
59545.888170340935
59249.6037682748
59420.305403864135
59528.55861930123
59235.61376734389
59352.70924509124
58977.71952817825
59398.9568058211
59555.91142050774
58311.23378066958
59416.65225950388
58839.84977859463
59538.57603572315
57612.21378932333
59564.11477177637
59486.65495385447
58214.32411956899
59111.79600519198
57905.23004863235
59374.90593819154
57535.05443055878
59263.13697069068
59352.26890534632
59045.335336501004
59457.548961639965
59489.84975094822
59716.89216705137
59219.38974418869
56892.709831376334
59155.4086529574
59065.53403036133
58880.3653199555
59166.66221547101
58748.246222059395
58374.27640219876
58450.16940401529
59074.499507712506
59269.4789760045
58537.72756541591
59308.34118276482
59314.66843512253
59442.08648328233
58656.52126095227
57244.07921308472
59199.085703009696
58894.21208950938
56533.24036756028
59225.67367147354
59278.97012669233
59350.43422673597
59413.04859079675
58902.66784090226
59225.2352146668
59152.71135078913
59204.05087272527
58691.952029111206
59374.90593819154
56844.87271090829
59448.908617119305
59269.45458107608
59146.394308473915
59270.82072799386
59428.446911825515
59003.238622208824
59951.68893067003
59748.55815111406
58787.79565362231
58629.1049534265
57340.7509965942
56153.98983846759
58698.579127519
60229.85217335657
57847.93625478802
59696.74055796553
58816.68188139861
58834.92146763711
59240.097647427625
58868.78719669288
59119.877457631774
59204.92716560522
59034.15207689527
59118.51826002705
59397.58474571028
59332.33814323568
59336.861129493635
59403.024356477545
58987.11745932654
58782.012214412294
59052.96271584576
59260.893201582105
58794.012319795336
56839.86906304608
59477.09718722895
59339.11065507905
56753.599518225004
59196.822446119586
59351.36378305593
58839.825736049446
59369.006410203554
59257.2840164587
59376.71764680172
59191.420532435055
58584.02413661795
59001.884782430556
58764.692703506415
56678.29752563807
59237.416985342024
59384.89619396426
59370.84223724177
59309.709122945314
59222.06877491748
59359.951324839916
59309.709122945314
59181.519584151196
58965.64432250932
59282.58195405271
56851.08923133775
58926.33757671166
58105.14287005512
57894.03221079217
57944.93460672692
58701.68983413103
57924.63281213231
58875.45429159132
55566.53166057493
58952.24663327404
58986.658364840674
58669.35459228262
58819.37265054389
59794.97796928781
60170.659031678595
58783.3319862153
59848.80695143893
59495.30627481295
58939.2651337819
58703.00600156704
58470.39022894813
58718.972222256205
59293.88395939851
58538.60804133476
59326.44707092147
59257.2840164587
58645.914701146125
58951.812215552396
59094.69391205643
59211.69496766384
59318.74888519885
59196.384416387365
59406.210176696346
59442.08648328233
57916.43221907212
59364.943516729785
59296.154644371316
59004.592524118125
58656.067298061214
59100.9756586065
58967.889936433436
59391.23979213066
59205.389663972404
59249.6037682748
59200.86235922836
59272.186937891805
59391.23979213066
59285.75486822506
59183.75734659487
59245.069699355954
59102.33404967551
59265.84435307627
59252.77315322685
59355.42481790456
58920.52684771089
59442.08648328233
58630.417867945565
58857.64665057073
59173.42127161216
59092.923622396214
58672.89251248327
59269.45458107608
58998.766352184124
59252.30991426932
59335.49193655388
59110.87393785148
59246.43472236051
59223.43273822009
59163.06449883337
59309.24499331123
57744.847174652896
59396.67824076938
59469.82649678119
57118.78565461698
58903.993036239044
59366.75461741425
59059.69581795833
59195.02169867514
60085.59693997407
59130.194833991976
59293.420077410854
58933.475974172405
57718.692719708815
59071.34916500187
57636.97988629505
57993.77775092881
59318.74888519885
59235.61376734389
58580.06796915108
57506.97671446668
54144.640639388046
56686.55288678238
54288.65276676087
55352.14922016894
57299.33890887734
59193.68337627615
57476.79274706739
57932.416204179586
54441.438403293105
56586.73528332271
57351.32465629033
51263.70369579264
51915.35201853378
50395.57022937683
52450.05498149861
55193.81461317568
57244.07921308472
54176.31682310078
57849.65597532713
58684.417616247105
58263.62266212156
58990.693808394135
57701.13855566036
55296.65117336422
56673.34546300352
60492.23031912593
54096.79946053469
54969.07035468411
56763.53258384447
56781.774627616054
56593.318058377576
56620.51046535768
54494.09798644308
57076.85636529823
56836.97497831117
56965.20256865593
53861.47501893568
55828.64637631377
60030.39038513247
57059.66777008441
57237.34418722971
55713.043777684834
55238.912131002144
58871.91597015194
56227.0698980572
57162.02456776181
55249.89065125809
56140.61352333813
56186.461013814456
56292.61526890279
56300.34042157226
57286.68764791601
56285.2662371267
56732.469765336384
56587.95831825304
55951.946603192286
55920.15844044892
56669.21940511486
59675.192897988985
56719.64307589049
56288.544460327714
58607.46227653362
59337.76580949693
60528.48937283657
60721.83076319751
58386.08691985415
60536.98831005532
59589.231563753856
59265.84435307627
59368.12525355137
59538.13293376631
59690.306791596275
59807.3704277473
59615.25802849858
59538.57603572315
59433.450631851876
59848.334346044736
58079.08273768663
59250.06696491943
59565.938045633295
59608.866487729676
59709.5627352619
60633.2894443759
60685.33977047455
59635.823902038224
60684.36795966512
59565.46989710065
59564.11477177637
59645.902160838494
59785.32087695102
59804.166273855735
59674.723030547655
54567.90179596607
59749.921681960295
57850.53911479837
59993.325742511144
60691.01781365666
60503.99830588805
60667.340748230534
47825.453038228145
59850.67257193303
59565.02639475232
59450.724844705626
59444.36853361889
60483.769348505804
60264.41009931073
59876.45491469268
59957.729800490655
59282.58195405271
59238.31863551115
59733.41474776529
44080.33273304492
59602.4516475111
60018.80589251299
59661.00121932171
59817.05949305042
60409.0700862675
59950.316175469576
59418.46651666255
47820.75188169677
58139.46446285796
60486.58940905022
59423.027165814594
59466.658407408555
59520.80789576584
60123.679418871245
59451.16664657438
56752.74955248093
60623.35969607489
59524.89215246971
59488.47348858999
59726.99784733945
59700.40347522682
59677.46815025958
48441.88689223093
59551.79827820864
59412.11710128281
59378.553950776826
60401.569769685455
59555.44342956638
59640.88730730091
59282.58195405271
57816.97554582838
59197.26048233435
59199.52377271988
59210.35589124538
59315.13264964405
59424.81728932045
59403.48995503486
59474.37046998383
59306.53364430824
58883.92873572525
59141.90031139853
58144.22999273198
59077.65018646383
59735.24840114874
59685.729763739844
59695.82489887983
60398.73229771877
45907.73947102807
44538.580308009026
44464.728045694916
44628.30202947203
44262.50369622644
45156.48131917134
37803.53084978137
45007.49656114596
44930.00747273388
44643.42459710085
44644.71180288367
44602.190277280046
44567.941660564364
44430.18290425296
44042.13853944035
44515.132826664565
44545.22113299533
44834.40692019071
44315.47819632311
42363.98073144943
59068.22338781693
58893.29679767699
59348.62412167128
59428.91290899163
59429.82039813027
52611.52272726442
59301.11168993755
59304.72621602488
57740.5404755174
59379.90064588013
59352.70924509124
59259.08855406589
60022.033087979384
59914.29759015542
59021.15867551602
59286.194221572274
56744.0724117413
59221.63037148413
59312.42076231289
59169.79842000203
59335.051852242534
59034.587708998835
59076.75342060556
59139.66571303956
58250.94263374356
59570.05314145157
59286.194221572274
57387.71137807024
59424.375878985564
60361.717592674104
57717.39718587608
59149.09103455868
46679.09065241485
58593.297008201844
58954.03264006393
60161.35777499903
59297.49760442228
59343.19446888459
60299.46220417147
59197.28481786969
59128.398137783945
58746.47266188019
59163.93957882671
58847.40010960328
59444.81024101981
59406.210176696346
55642.475456451844
59119.41629429645
59345.909171086016
58799.341937364814
58609.2035986051
60382.80180393621
59340.92017986892
59388.9618190839
60186.02497218487
59172.059610919045
59306.069564372214
59303.35850568715
53282.41902182359
59393.49344279334
59307.901501107706
58168.16335236051
59468.89322608008
59828.06908646278
59299.76856618101
59303.82254319501
60400.60702610061
59172.93495702771
59505.31250206616
59352.26890534632
59198.16091046772
59349.08886784195
57244.92120276349
59279.40937948455
59146.85589279304
58657.40531411652
59375.836261235534
59142.36182557685
59249.6037682748
60301.78530973133
59369.47147564883
59473.46161979277
60125.537111026395
57257.16698694894
59082.13442416459
59623.477738084
59552.7095242152
59433.916707493096
59062.40886854882
59064.63763229556
59359.951324839916
60040.12681809009
60229.37353086338
59688.94598026037
54984.22449142456
60442.86994499279
60255.53367572982
60374.37141474762
60625.73335034222
61151.09288468815
60051.24372798121
60007.22587011519
60654.56383471631
60941.675853765366
60520.95937488573
59158.54366455134
60002.150077044425
59964.64584422101
57471.70017652592
56956.03231621989
47650.783292841195
53477.723185935356
57529.53782207552
57279.919808112274
54305.72767035217
53474.784039856546
56564.50749990376
56730.79347469807
59361.7621209298
56573.55210011633
56384.861134659186
58822.90465869236
58652.53140659768
57372.460820386346
56606.93324863259
56885.203289544894
56751.49701778765
56003.93272060883
55694.275556710694
59696.71581005334
56710.529373100544
56737.43216626274
45596.28542261424
56173.04731369955
57502.7283846645
56590.02647941656
56720.46970851193
56643.205627817166
56784.26003405479
58780.66850764455
56844.85027105914
58921.85284676431
56684.9016221723
56618.462336927034
56652.27541503693
55420.78810669887
56703.09315373154
53728.25591365272
58939.2651337819
59632.63810235694
58921.85284676431
41442.56980770647
59811.966131474175
60083.7417150153
60046.61118192998
35432.59134042232
59528.53401063577
59836.372453162454
57283.72509699448
60180.44102233196
59828.54137185184
60154.84860612026
58206.041302036814
60379.05467365331
59049.37881283684
59372.21306213426
59979.4320530918
60650.2975444632
60019.73148672626
60087.45227950513
58271.47384743881
60063.3167464035
60200.49272431059
59804.166273855735
57258.009361684526
59986.85288141016
60118.081932595946
60301.30552326458
59783.45932835775
57721.70043319335
60714.687768393705
60855.83590561936
59950.79039288584
60169.72877659063
60175.78852222054
59401.21104219012
59625.30464804094
59739.386924541686
54606.59738707432
49106.93580905041
48894.82417726819
48636.99877292905
49412.7432719746
48925.59063210843
49084.622912497456
47909.73805350719
48442.48984978455
47253.799500816116
48121.12086120766
48563.49846046965
48598.99886062348
48695.78155883989
48461.80872931791
48377.9933883409
48061.63103152609
48285.15603649955
48350.91482281237
48442.48984978455
48134.21423402253
47691.68912702351
46345.52649805477
45176.413896264916
45843.33105283985
46328.11112569589
46040.648137224154
45574.37960293322
45997.087489974074
46340.81351298122
46481.27095288542
45880.65040919805
44983.285897833586
16318.691349745026
36033.70051840984
45915.5854715435
46322.0456587397
42675.290236427034
43688.04792093434
48769.40234790805
48887.75270130296
48383.40623883864
48712.254345623594
48499.2839619604
48763.572527686876
48258.18126979339
48712.864052544945
47561.310327310995
48209.728388398995
48468.757510133
48522.882582711296
49163.45311803838
49376.34927732227
49375.41810521147
44501.11469111591
48723.24789170446
49303.40114719428
49474.06322235568
49477.83702137923
48619.65753528724
45203.4721289203
46515.72958468237
46604.943166242745
46050.188949681535
46147.48608364873
45669.920648512874
45729.28201534027
45625.974106625996
45539.93282859908
45154.90956161481
45712.61684097247
44875.28876780871
45406.444435755555
46034.0984797239
45627.318596554374
46462.08935498682
44557.98479087453
45517.01641014878
43761.32210247625
49264.67343166425
49416.52467995079
48136.9013474321
48058.96835417057
49346.586090088356
49363.50220336049
48358.43270319609
48795.39750967267
49464.61425157978
49326.23446608976
46772.5935987808
49295.58660721071
48870.54735013032
49236.9301594661
49303.0972958963
49165.014175912416
48207.92076224757
48715.61616289419
49748.167177333904
48681.16306059824
48578.96409407317
44791.28660171308
45801.745237334144
46680.77031051141
46749.512863582975
45816.58032044244
45848.73166170131
43154.1616494959
45799.31250143123
45912.87712725679
45915.863643914825
45785.82788725749
45843.856461611984
45830.08305747761
45828.46405902706
45993.54684985726
45987.27493779742
45846.29393205197
45916.68353998498
46284.54064200515
46074.47106347238
45975.323383719944
45966.3417846496
45398.48520387703
45563.42016750885
45702.14200226797
46676.004028398456
45975.323383719944
46055.63840950691
45114.548658703745
46027.56539749917
46027.83021611984
45834.9407392412
45774.22815591847
45992.180690502326
45925.631094713965
45993.81127717148
46186.66533238523
46000.613980417154
46037.925019566115
45982.928199254246
42794.12341587448
43664.99728913142
44018.21498190515
43608.414607001876
25547.800733541226
42541.97770564024
44661.618456413824
44024.68806674143
43768.94374596505
44063.59355741303
43875.13745257905
43017.61392049987
43053.09852253127
44838.03660465213
44070.34974413183
44133.615747609656
44141.63825559602
44277.3657181266
44287.19755534669
47502.91367697953
48479.64141225236
48692.126111254074
49149.77711941348
48826.03892655954
48890.8067967728
49350.357378838016
49516.270737087514
49537.08624922727
49404.58893151941
48766.62764207598
49339.70455110805
47401.258898434244
49553.82629525615
49629.72434479286
48849.360107305765
49593.96661843883
49402.70754283284
49539.93228166479
49476.579024404324
47898.50307199045
46479.86066370658
45928.340943935844
45905.29546273973
43807.65155393954
46649.678408779466
45802.269693306094
45926.43669216116
46026.1972165018
46588.191446408055
45432.71824584275
45827.6473104263
45926.978655436666
44003.75498709223
44034.1521545085
43452.952673397645
43149.13148888775
44550.83017687608
45866.299736268775
44033.653943183126
43697.38107029452
44258.46327853787
44100.82551232756
43188.913405928695
43118.51032733238
45992.72420654566
43129.03548501296
45885.53343844519
43630.678426750455
45897.97962830924
43971.90927862251
44000.514561573065
44324.82214665114
44043.63378330226
43688.79018458514
45937.293042924575
45950.86703542238
43481.62176786611
45883.63273465814
43657.63681211936
43990.55425043456
43523.966290688106
45944.34289539335
45866.85489064896
45757.253954666
43694.43751604405
45794.18566489342
43968.17681069502
45950.32450821187
45978.03910049076
45959.00648117739
43753.92911802714
43715.55502665131
44098.840200502724
44259.48351641597
46746.7052500121
44908.45691735253
46267.20079579585
44628.81378782408
43811.61007667032
44181.76747319869
44192.818176015084
44134.12975005065
43513.49734295707
45700.24195739214
44407.082189491186
42231.22829234216
45457.68788940902
45778.826593301856
44200.8486562942
45223.44622131412
45544.46990506825
45708.58302440362
43055.24825536546
25423.428077386798
45268.996867322545
45755.11670891072
45896.89708290159
35077.7447056356
46246.01208433988
45999.52658820553
46590.15097150172
46340.54508066151
45520.48405976966
46698.997074178114
46587.07609804768
46467.081944699006
45822.51412860852
45965.81356457542
45908.002912607735
44693.971993639796
45687.10551246655
45973.95830672803
46897.25787825081
46769.205985548964
45780.704069078
45624.64415153845
46105.627351907286
49422.8000418721
47980.07227664776
48973.94484105404
48631.82466606147
49559.18140622112
49206.99846535674
49394.8614937212
48609.645976623484
48855.49223944077
49737.34193282764
49075.94092892577
49160.650176910065
49599.65500684406
49438.2068762366
47852.2323066371
49705.237585858034
49131.464881920714
49200.77778229544
49616.74510017414
49585.42794462547
49628.45861245033
48404.48400315839
45981.841643007836
46869.27865250824
45423.41722260408
45477.87296198334
46009.873591067444
46095.502839514986
46113.54114528743
46089.498123773345
46061.914249988884
45474.16767272999
46000.33478021424
46019.40165190477
45938.91973992191
45545.80959574298
46035.74675735708
45577.84157268875
45916.141819656696
46029.478044897915
46186.6801463348
45751.07538855848
45816.842716824234
45963.36336911454
46093.05355276615
45921.29600102048
45971.50724290674
45816.58032044244
46115.19511691323
45447.84591412819
46138.17100600437
46000.878488998926
46267.46837907708
46007.96257252245
46285.373757607354
46064.64020636959
45463.80181571058
46131.60835289655
46199.57188396721
46011.22610012362
45526.60049712518
45902.310320656325
45734.37980369788
45993.53215954007
46079.660853696114
46077.75877781305
45900.408226755666
28148.74500579688
45166.43832522847
45874.964598226106
46028.37457507659
46071.74394348533
45457.67353940391
45944.8999406226
45859.01092941247
45679.32290554753
44267.02113073957
45949.503410314705
46081.577833225005
45503.42429067587
45888.50177547075
45726.05835978723
45884.71465443074
45865.48163851885
41965.928911465
45813.0674139287
46029.19849420591
45731.69279354269
45849.53456354427
45973.41523412121
45978.58228234489
46291.99511748041
45831.162453329394
45872.52407829675
45847.651438135756
46059.45379884941
46004.69950784556
46072.02401120318
46002.524388525824
45991.09369695254
28501.498109994405
45325.45090167745
45626.24878092366
45294.31395942447
45925.89474167641
45217.907924406965
45314.36843098999
45819.000312141936
46630.65959391819
46502.10518905366
46106.17355260234
45925.631094713965
45696.50034621446
46100.43171133446
45680.38072059531
45148.3405163089
45518.61347774535
46241.33416524919
34754.31834472904
45781.22804329124
45953.59452845868
45558.619864887056
45742.73333797114
45450.49967143076
45713.15376952571
46071.198558227436
45976.938095564976
34757.581557820326
45416.268485840534
45544.743598907684
45769.921596759996
46012.87274021675
45669.39921905327
45673.672394800684
45498.90976397125
45858.1784876737
45305.657449587234
46058.37835486509
45998.43924740164
46016.681046879494
45648.739920425374
45347.66067479209
45809.555046065645
45554.35377827494
45997.35195800186
45776.920166958604
45982.928199254246
45325.45090167745
45498.90976397125
45809.29273315101
45733.304961746
46120.65997383293
46020.21054246323
45978.58228234489
45923.46344556092
46070.38787427391
46295.01627719912
45762.387067803655
46057.27349896467
45965.79889196888
45717.44965207116
46197.926675549075
46412.17752400057
45748.64803214097
46216.861066338526
46095.78319616637
46165.84631453881
29770.42659574138
43961.21033760073
42013.77876886207
44293.50475739924
44385.03151799582
43902.88073020247
43839.52663053356
43585.43471628303
42908.888933916736
43441.05004258128
44899.635284004224
43342.9972164164
43897.92877987841
43139.56578229558
42657.263109998865
43451.96927945772
43411.7145908883
58298.108185904566
58301.15298627413
58411.97315645322
58483.11848233058
59480.733199171234
58388.288606823
59640.393278693344
59365.849053259
58341.85164882581
58406.28711232827
58374.25273862401
58555.36592834043
58491.076455148315
58166.40114781698
58483.14223425097
58430.86350672016
58243.5445726926
58535.08629657045
57215.42082736677
58453.25383690811
58491.05269678279
58407.13994837458
58494.59290606824
58515.272486118876
56893.946128544754
58498.537536561584
58404.51045055429
58501.62707650307
58622.89924433455
59728.806332248954
58450.59645992339
58396.197109874876
59539.92999923508
58395.32091270264
59607.928848002266
58490.17365082666
58447.53603047065
58387.862460902434
57739.26711227481
58502.93428779788
56949.77030259311
56807.490067565406
58370.75074108558
59761.873833554055
57001.95825477421
58418.537175488076
59845.57348475372
58254.430269649245
59601.09483900047
58439.21043756765
58465.12007477039
58503.38588345801
58532.01701330628
58622.016230970745
58454.131773474
57174.62082109108
58559.77122649374
59273.99238329198
58159.02454391612
58062.174912301925
58551.389822955236
58439.18672131813
58345.35017947273
56398.35410803261
58466.449393430885
58467.755033099245
58257.49407816618
58497.20675837729
59734.777587511446
58558.89011383604
59580.99664112132
57399.58361385387
58002.84133363033
57518.89835332182
56908.51600374174
57916.43221907212
58498.537536561584
58381.28166373679
57088.147668008634
59276.23714446607
58358.047696356596
59739.83302716669
57009.47307410915
57171.66984948764
57229.33702992459
58007.607858902935
58251.36678337166
58915.60911784513
58229.1543671057
52089.23029842426
57385.60737086245
58340.07890495672
57552.944712403136
58338.77896125373
56853.1542248408
57658.35025045346
58216.48933546685
58278.87900576232
58142.04667272044
58333.98148868321
59782.54100708672
58254.87803694007
59597.888082615915
58844.7067756002
59445.2764948423
58082.549823937276
58474.35534053596
58435.67692862082
58136.41305598496
58469.06073108252
57942.766227897744
59337.76580949693
58480.50588886511
58481.81215641936
58493.26230734798
58443.574555128725
57639.54072493731
56766.82200013955
58623.782284300105
58703.891456504694
58402.331226388116
56378.72407900069
57363.59315986954
58468.609665186006
58506.45216467779
58219.525615984814
58087.7746613866
57894.89342917082
58518.363794038116
59747.169892737234
58465.12007477039
58394.421061894434
58520.099825536956
58405.38692352058
57495.06001645796
58379.08050515743
58451.4980428896
58516.58030730145
56427.81373962404
58503.38588345801
58399.70216151898
57969.96431224072
58438.759832118434
59527.180565367664
58538.60804133476
59688.475896218326
58535.53838874426
57581.06734505694
58317.775176876996
58647.20448325296
58217.38371077604
58317.350059613294
58344.90102030646
58464.2180715334
59375.37109606935
58295.91329454497
59510.77186297644
58307.73934011026
58327.86172084205
58465.99836782421
58362.84912838732
58408.46663172975
59265.84435307627
58343.15172946929
58344.92466009017
58541.24962801915
58281.94538657929
58281.94538657929
58439.18672131813
58511.301823642876
57886.70125397066
56749.86433235558
58374.67868590491
59511.681853855014
58303.796791833585
56918.09841376375
58394.87098383192
58338.80259607672
58394.87098383192
58195.1501616734
58350.14952225815
58909.36671203506
58309.91151065998
57756.84448688859
57729.40623702091
57933.27856492832
58079.106162556156
58475.661333334414
57965.6706366442
59269.015475798486
58323.491244185876
58405.81332528631
57809.6640897206
57388.14592051981
57846.21663649156
58082.57325160363
59606.57179011367
58046.14265242655
58433.04486075283
59632.16890480553
58506.45216467779
58401.454845130706
57735.84088643761
58162.50118142581
58466.85294855648
59557.709559384624
58391.342834632065
59724.223398457616
58578.304548605345
58608.774221907464
58355.87193803903
58380.38224555275
58401.00482173295
58482.69095106257
58286.73430356459
59552.26621186381
59592.88129925724
58504.693173355496
59410.744433130734
56395.482721833985
58260.53463750619
56761.0266177681
58223.90406641407
57327.21418402673
59674.27789979694
58250.07079001658
58516.58030730145
58397.92590033178
58279.32714897936
58446.20757170619
58365.07271923279
58259.66250663007
58209.52356313429
58615.38254881665
58156.84011271119
58140.33299875725
58448.39007156681
58516.128507919995
58172.9335883247
58337.4790754806
58491.48035031523
58765.55603846695
59602.476317328554
58263.17476039269
58166.847562869676
58376.42986781387
58264.471336914714
58211.26484993621
58135.96710796172
58095.13320124759
57475.530990087864
58152.04903186935
58252.238665894285
58070.838357401815
58147.70486163269
58393.118695367964
59552.26621186381
58429.535805741274
59817.48190832722
58905.31829120581
59330.96915902059
57897.45395946213
55967.25604592114
56500.78846065564
58049.16118962081
58407.13994837458
58480.48213908608
58218.231039049875
58179.467496262776
59577.34836116782
58482.26342604533
56432.72298469537
58279.30356232243
58668.9004307275
58577.42287814472
59585.113817912024
56834.46252359222
58464.24180810412
58584.02413661795
58544.34368131712
56848.171561465315
58382.13376968572
58636.17151405925
58289.80151108214
58126.41607453744
58732.71922293349
57515.06175679756
58249.19897238704
54306.46495837635
58487.08532047267
58316.901331447756
59130.656165500135
56134.923407015616
59035.91884693011
58388.73843426543
58314.27995227948
58315.60242042148
58506.45216467779
58478.29724193609
59211.69496766384
58307.715730449905
58457.192893716296
58337.4790754806
58495.87604073913
58207.358865344555
58051.33753909899
58636.17151405925
58547.86654013822
58406.713527238215
58287.18256759897
59741.66707462481
59451.19119131517
59349.96945949488
58209.07649278996
58183.816413897046
58318.22391849057
58167.716917111
58065.639980128646
57441.988577820135
58331.78389532361
59281.21526491293
59389.427197223216
58334.85584606404
58226.51732643241
57932.416204179586
55792.17723934882
58241.77779791074
57902.622265005826
58328.71226810792
58138.14997139522
58133.36196939683
58332.20922305143
56073.39072289114
58330.03539093883
58411.09648580185
58079.949470443964
57672.020819599515
58091.664612615335
58338.77896125373
59516.23222572523
58155.97108355882
58271.47384743881
56678.27521710928
57757.701628526534
58247.45541541559
59397.60924622784
59403.024356477545
51176.308780788415
56384.861134659186
56825.76037997491
56167.788787271136
58310.785146623275
58689.27290511901
57716.54124007196
57391.09640907099
58641.472552532985
57433.48882918642
55334.4313119102
57555.49808887768
57133.448261496625
56464.27752192403
56153.573785016044
56612.27432735576
55859.89717123929
58104.275385213194
57437.31455026782
57016.58351088324
56650.20270150654
57972.15806591998
59686.64511315593
59067.763029979345
59650.003603854384
58073.016332632564
59278.97012669233
59808.736644273
59541.75179276493
59274.4315623176
59818.426152283595
59393.052497684075
57190.60676056517
59840.52500087268
59610.69250238236
59898.123275329206
56248.615756721614
59486.65495385447
59153.1487344307
59456.640625483866
59098.28331799103
59762.7915199919
59121.673636044514
60198.605231760455
58654.72934304667
59795.42490255214
59283.924299369
59659.17212126887
59479.357358587826
58598.61414277552
60198.605231760455
58567.273664940694
58640.159142876335
58724.71931419315
57801.93684656717
58675.976588285346
59770.60539736868
59439.36297513825
58874.10630946438
59246.43472236051
58379.530190730795
57943.185901457146
58135.96710796172
58173.80312449881
57791.196394150415
56529.55632149615
58452.352199777146
59519.89762577609
59609.77948107203
58828.67211431065
58782.44413320592
58332.65818682654
58508.21126177427
58546.10505773296
56027.3569133284
57359.36598780795
57256.711659573855
57037.06696389316
57324.27026004916
58527.16391995435
59115.36322080204
58375.15196795204
58388.71475896409
58397.92590033178
58690.157945811865
57701.115434687745
58298.98146821126
58602.14353618357
58355.848289383415
58556.246934946445
59665.57445517872
58236.12483883962
58696.353978145395
58658.289393929525
58244.392662662634
58514.39271203239
57748.691330437614
58188.6127309411
58353.67269506032
58525.831839027946
58624.66535086863
54960.90905343574
58238.71564219103
59241.02375071377
58318.649048494786
58394.87098383192
57921.18455258098
58133.784408438274
58605.24402979426
56766.01639355248
58163.3704057501
59423.468556112886
58406.263422793614
57551.6566084489
55025.089912525385
57273.17634649636
53525.9474464406
56694.810653112414
58527.14013226321
55584.39854013753
58262.302550472756
58791.34787330465
58709.65953289943
58762.438559585724
57651.93286112129
58593.75
58675.091975244
56079.04653158886
58525.403683036166
59835.900044128975
57888.42328015102
58102.517049457354
58020.5795772395
59165.300865826655
59404.837781476825
58138.14997139522
55506.216696269985
55415.64814757803
55976.52406776736
57073.48567990574
56989.00943207681
54313.67505184315
57156.12552914069
56158.041207522685
55962.8406737926
54267.804833377115
56519.28347678373
56142.21134033681
56180.34515019269
54430.77879104704
56615.546235832844
56314.60781373005
56392.611627999875
57336.527190255336
54832.640500073685
56417.157868136645
56217.30173348392
56353.39527249801
56610.204539745275
56203.50038522816
57208.71527103225
58973.25112571336
57714.82942462323
56259.60369016117
56374.61873727901
55502.66528423916
55509.019637472134
55940.274433663
56287.29032984352
56836.12251341964
56407.74337297152
56404.89312447855
55869.5415166951
55694.684831900675
56244.55130909193
55382.10188922196
56255.93324295922
56372.191128348124
56928.516759122795
56966.87020454667
55986.99235544276
56430.68841912953
55998.68403092527
55989.01682120024
56035.42372703278
56275.08197989807
56263.692296992594
57195.21800314812
56170.61512284591
56239.25742309379
56308.90439295482
56293.01137900677
57260.10402252231
57485.28237050143
57485.28237050143
56502.42901588072
57425.42670282342
54703.41064368819
57240.27918946175
56265.29712765658
57334.38127841336
57662.20598781965
56357.87249031349
56296.26849566988
53410.125224489435
32452.064469631852
53660.76336162324
56090.3834206175
55817.41503349045
56335.84614680417
54668.39631398338
57065.95397630812
56129.256322434514
56216.48970184179
55720.63222796239
57222.99203924861
54962.4614022298
45991.90159266123
45768.845083583765
47777.26240267871
47162.071476084406
47548.79364748117
45653.023704381456
47453.04043822883
47904.11193594156
45956.01434976548
45376.497306243145
46793.96357869835
47247.737276332
45928.8829521555
48015.04471401039
47570.61180101345
46028.37457507659
45752.68892365528
40162.56915492377
42546.40216986651
46503.50181056863
45912.05736711568
56451.1513290718
56370.55812724479
57149.84212356113
55222.02898773036
57455.55673037982
57679.29749820053
56474.53037898331
55740.5833252045
55397.10103892646
56363.18873174606
56780.11781085833
56304.83122822342
56473.312242119915
55666.351352866295
56251.47220649916
58634.38083926158
56290.172713104235
56385.25854403082
56503.67058046142
54259.11440082113
56358.29157666626
56487.268593431705
56653.52357376722
54809.828924821464
57539.30753840849
56451.970154157
56764.36049626242
54269.3387281076
56484.78696017312
56142.62722543136
56411.831441447655
54410.191633450624
57509.112598449414
56411.4336574118
57684.865974822154
54887.587172161024
56469.21525829568
56098.88363221572
56349.71257733412
54308.73838915002
56590.8493382604
56204.72884731127
55979.35294865411
56188.47800630793
54114.09957896224
37012.16235076581
55775.775186442144
55371.0707688427
39868.710122637814
41902.37967688027
51181.69287714332
55900.46921456347
56689.43167270042
57034.559378323305
57087.31028380322
56324.806383478055
57087.74028884018
57523.99929213523
56201.87714269657
56007.17825334614
56379.54080430113
56480.26740268823
56047.52830400179
56465.09672784764
56435.17792757486
59680.2382567734
60647.46219852105
60401.54443393476
60835.807956563236
61108.819530378714
60305.04300922165
59449.35039199415
60967.451848414596
60794.43123009932
60772.596960779316
61006.68658704446
60099.96627724115
60993.30132596896
61196.8055267515
61117.456291469156
60129.252839750116
60958.857427815616
60565.73443103119
60382.7764839277
60805.85492820897
60654.07841814163
61036.86372248573
61048.35283912996
60922.57079710415
59943.37848374057
61058.422309729875
61034.483635552926
60897.29628691422
60920.66352756025
61150.158034939675
61030.6293232678
59261.33218651681
60191.1570830362
47383.3686350398
59643.60461094767
59329.135796975694
59778.86800410813
60080.934024876005
59894.909390232395
60070.25717161697
60081.41031097136
59881.06124210786
58720.744122318574
59922.59997503225
60042.88062391225
60126.466000153654
60124.60825059936
60240.10702659015
59347.71911054255
59873.21845991114
60038.72497761055
60131.587958315446
58179.89060564458
60104.155492789374
60421.718418847544
60018.33059847028
60145.52711498195
60308.78095850755
57384.32674635649
59719.17060025231
60982.762629254874
60214.91707485969
60929.73701202262
60508.24403815212
61163.586258920746
60087.903595635114
58622.89924433455
61130.8961067685
60275.58499757432
60299.46220417147
57271.467951244485
60277.47732059915
59331.40918277164
59397.11923971688
59858.011807824194
60271.39707842774
60208.396311733995
60417.510169231966
60343.910000410666
60092.542515473826
59166.637905106574
60262.518596636604
60136.23362592673
60259.71939057337
60249.457859479015
60332.659199662136
59718.72480616297
60079.555344535394
60405.77579892931
60365.91807338819
58362.4233537237
60134.827294028815
60429.70556465265
59949.392720978045
60364.04549772252
59860.32590621882
58830.01801669302
60291.00458211635
59871.824402591454
60274.19736953358
58881.71358871368
60115.77295942436
60537.42095452378
59600.62613768904
60412.33938813208
59054.31890070386
60142.26150774144
60044.282658460615
60039.65118630428
60173.44996953719
60312.06467463735
60331.72392873482
60087.427206585584
59954.01027794929
60429.70556465265
57962.63744491034
60349.524328401996
39410.635835872214
60033.618826542865
60629.485634601246
59062.82069265923
60393.10881076742
60611.97894743932
60597.36376218733
60745.98601914258
60828.68951347186
60697.15743409511
60844.85618008387
60834.39441472666
60660.69608148753
60883.93323738476
47663.62193215083
39522.40467484177
47974.445611970696
49146.97573743501
49466.19449351941
47964.09088395821
48232.44824557819
49235.97056919859
49437.88438813409
49322.17967042509
49495.472710980466
48723.85787386002
49445.744112093504
49546.56293084435
49477.53101622726
49579.72574836981
49198.895074814776
49676.65328386827
49589.21875285181
49644.28490855109
49256.2477616627
49336.56030983359
48707.98682448956
45889.306070836516
46032.74462567706
45989.18423810134
46013.13738979614
45975.57292268633
46065.18543636367
45322.01290166634
45998.42455395903
41309.5944688748
46472.36056355483
46601.57979355501
46609.40830327188
46690.290656786485
46707.11589397745
46683.282457200505
46706.82805173171
45566.89489141314
45887.14184926457
45848.73166170131
45952.23074146797
45807.93749761417
45841.959208933324
45309.87708122582
45873.32781366764
45813.86906714372
45811.72652944358
45911.530393911366
45834.9407392412
45828.98912707233
46594.3268171383
46647.44187372408
45960.64938567528
45986.73155053846
45840.339371312475
45983.735808109865
46003.33268587902
46066.570673317314
46015.57819053325
46053.178628766604
46049.09921246447
46021.03416933951
45827.10768892941
45806.05778752288
46369.553751007086
27888.98402561603
45266.093903883106
45772.87499427839
45839.25954316084
45940.00426859206
46081.84327373095
46032.200163350375
43428.19780820298
43507.16055350777
43913.79234631392
44040.13156989306
44439.80843973684
44651.86891327584
44874.253926575126
44822.26570950379
44455.81909692326
42223.4270234038
47807.79672124834
47876.38317863277
48303.15057299613
48365.04322457804
46707.403739771
46949.07622801993
46461.26485631208
47983.92538499602
46419.38886295707
48435.239058176776
48430.41726167694
46962.39714338174
47841.34216227584
47966.15188548614
48051.54328876775
46910.83975941255
48414.11822929397
30573.151040920253
47084.10430829364
46252.33991872436
45920.19771196237
56829.057012567515
56816.59012866985
56825.73795521264
56957.27136698638
56819.50455759506
56563.66318852512
56706.39789934299
56683.22814133333
56478.65028576628
56733.27442003032
55962.42744801615
56672.52020335989
56512.7179124516
57593.0197260092
56639.06167954484
56632.06735755167
57529.92854702971
57708.83887010903
58471.268680352194
56529.134684196455
56569.84057518956
56636.188006972545
56246.989907180745
57561.45684849424
57164.95185043743
57657.47296905556
57669.01828107879
56752.34694601433
56589.60393957959
56844.02000909504
57454.708533061596
56821.58967867392
56785.894699233904
56961.84505745235
57051.30338456857
54816.79769404005
56729.13963168606
56600.74775876762
55401.448901781696
56592.07255103701
56680.349985416615
56541.4535237105
56534.88280789918
56640.309256088534
56682.4249056277
56315.00423340223
57451.315994207
56556.66526191431
56598.25614484123
56674.973748467026
56634.116470420275
56557.10952323535
56474.95120211248
56647.32789833693
56738.23696173045
56621.757224778936
56694.810653112414
56292.17515310299
56548.44768620638
56625.87637391482
57771.002166412574
56615.56849500879
56633.29235285373
56621.334210964014
56698.96276334995
56402.440815626294
56376.27404506814
56301.9693568712
56469.193114052476
56977.73476310518
56404.49543828643
57549.10357280022
57505.27730721955
57783.45089991706
56850.23634301379
56458.543745961644
56591.2496566208
57504.42764126023
57676.29420197037
57568.70565160779
57694.27244116887
57649.7863554966
56680.349985416615
56522.98837039515
56622.581006662986
57733.27148389342
57646.37074062376
58312.10745625579
55985.79515963922
56913.509251409494
56772.23806018725
59728.806332248954
60056.32783081132
60181.82433677749
60117.17840023178
60179.510464757164
59831.77299825325
59534.93294878177
58392.668800432104
59760.48495633542
60106.011978627306
60140.880011426765
59438.430660323815
60070.70822947845
60251.77711361352
59750.839001364315
60109.72529438112
59902.73293739291
60029.914907595616
60169.27623046169
59927.68725737611
60071.18435345885
60093.92179193398
59943.37848374057
59549.97586985353
60659.29066541979
61268.66992525222
59590.11929610827
60212.57548001758
60244.76947799162
59844.65325426081
60284.0130565125
60277.956727961806
60071.18435345885
60049.866409897884
59969.71529377665
60089.28265915106
60133.421027905664
60260.652430366514
60221.43925057764
60230.30563115714
60304.58842537182
60064.69468156327
60119.03569066752
59997.500104162325
60068.853923810166
60086.975897611796
60037.79879749292
60144.120348384815
60142.71364759294
59517.609772791526
59737.52823531608
60089.759077622206
59968.34171293738
59756.81466299439
60173.92772359106
60222.8496365091
60247.11357752381
60298.98245467107
60158.06531661942
60227.509416822046
59859.40522198487
60078.15166228736
60252.25611225665
60260.17329821504
60016.95478972809
59693.96891934018
59934.14735559304
60714.22698772688
60883.444142611006
60371.08091066422
60748.83058501123
60852.00412272328
60006.30066156946
60831.053576950435
60907.75393774974
60481.40679752211
60829.64025604209
60802.0551094627
60623.81909852381
60820.10847942126
60747.90799391846
60280.252942639156
60782.08819396578
60852.49271249141
59133.78855399819
60838.66094107268
60844.85618008387
60684.39353323504
60822.49756604415
60776.880474667436
60472.94885416361
60724.18652783318
60541.21322068743
60264.38487849402
60827.713106091134
60869.62402862225
58984.43548208716
60046.13544740209
60173.92772359106
60053.09694655024
60124.60825059936
59716.89216705137
60047.988350690255
60096.254167090956
60190.67905535745
59754.06223883533
59265.84435307627
59794.03446544756
57627.15391492471
52057.839151399385
48279.15004556345
48425.58014013152
48490.20363191625
48760.83150762396
47810.447512429055
48240.220216605296
48440.37141654784
48302.24323667965
49709.68165091376
48320.55858565725
48354.21071153221
48444.5921705465
48489.599486010244
48359.63448176271
48446.694673790575
48482.350909195586
48428.29988417565
48493.2245872772
47716.563612143866
48484.76686066185
48428.90250353884
46536.60976919781
46119.55212790489
46241.86873667536
46116.00737856118
46324.251099316294
46379.515198792586
46258.66948501894
46275.45270407716
45476.0058803002
45146.24561940336
46029.74288552786
46202.31415841041
46150.76943588376
46197.37829878154
45619.281749752896
46283.99020707908
46197.65989603601
46155.147965711854
46160.07480496567
46288.67676102699
46276.82087238878
46257.00520584046
46174.60992875963
45671.52846430437
46274.08461666259
45657.84392246537
46211.655157076304
45714.48888979189
45438.55303452226
46000.878488998926
45807.66063140134
45939.46199785615
46191.33219651332
46329.49731530215
46059.45379884941
45260.018808052264
45853.85611824181
45316.99236156918
45652.48818741868
45159.88008797395
46044.19603316461
46293.64703280226
44381.488481154505
45301.41010076732
45802.54649435579
45856.294652168865
45978.84653761724
46368.180094011484
46222.36488384223
46269.40101689861
45642.04088385813
46225.65890022095
46373.13758716701
46372.868780238976
46436.84299122924
45067.22057619067
45461.66318969132
45178.49741964894
44677.26262411902
45445.45062635824
44386.810089491824
44875.28876780871
45238.164800749444
44980.41946115332
44676.25075662643
45639.35024778364
45340.250240397785
45361.417090669915
45245.812013077295
45357.17356772913
46321.21122247145
45207.65855408955
45364.58953552331
46177.34924057501
45360.34541903037
45510.082695612764
45718.785023288
46113.260572585794
45638.56915479271
45821.43514007676
45304.06103715468
45772.88954397805
46204.77507098369
44366.54282033799
45724.44670244181
45615.52448349922
46383.653369804626
46087.84599490217
45169.85276196397
45992.72420654566
46266.36833426937
45852.77565319508
44040.88584571805
45959.00648117739
44569.21072260928
44599.620841278935
44741.283527999345
45597.61372488173
44393.89842861014
44727.63664758908
44716.58072181256
46109.43626411101
44120.09366940998
45156.467158704916
46211.655157076304
44774.504402204395
45804.702743383605
46239.671133183416
45083.418412631625
44607.56494737546
44522.00067030346
44745.39868150225
45722.82064080533
44102.081618252385
45155.1644337856
45195.83922082373
45165.89999642436
45012.70202185179
45057.828907288196
45516.7430494511
45759.682224429
45233.958514805796
45085.78980441221
46231.16481346046
45376.754686016495
45027.03028912044
46145.282654276656
46200.950392050356
46249.85908246061
45087.61086385984
46347.71925770265
45078.19658413705
45658.66910686887
44579.68324277569
46161.45095698458
45092.3124183289
46258.93696962844
45154.371507591575
45256.60495006688
45161.721301372636
46200.93556894527
46242.433019923104
45236.587351850176
44730.22085546547
46122.03377670274
44939.34592654477
46111.07517578246
45100.43302679655
46190.517279263055
45600.55936686156
45616.07358379514
44851.98843815409
45402.99413828428
45630.78861410422
46234.74213375261
46129.95320372525
45487.71357903016
45835.217935320776
45924.81087907742
45234.74002903819
44340.73638877957
46377.84221291874
44797.738211972945
46355.44777913947
44986.13864602969
46324.251099316294
44724.55266129724
45301.424352284004
45083.6865932387
45074.542023871974
46140.09285693688
45306.71228381383
46252.87474464558
46325.90531757051
44743.341010130636
44538.580308009026
45457.67353940391
45806.59691339881
45466.44308122296
45818.18390082654
44677.01311828798
43712.83460429412
45513.01703893575
44148.1476939491
46012.578688699024
44793.08394783846
46180.088877429385
45773.41333932626
46015.29880865113
46016.94574026885
45004.37386258477
46001.15769580201
45291.92058187537
44760.85116488561
45381.531040494505
44746.427588161336
46306.86660085089
45834.926150066734
46088.6720445319
45964.99191303424
45313.29898123746
46242.70031679461
45217.65234345193
44896.27557333947
45499.95923961985
45368.56286255468
46227.30608447655
45339.99327456766
45217.92212343362
45121.88549318848
46038.4696173276
45226.59939628772
44789.21077678177
45439.08354417278
45044.777323958595
45983.19250448416
45225.54828910809
45713.9519298748
46194.63661021191
45629.97889613476
45647.4086378211
45958.46376175132
45106.70555031747
46240.78475749598
44707.33461080403
44757.23396564322
44522.77154252853
44950.24569679436
46313.211100762106
46256.18796972918
46301.07466723514
45410.153016448254
46319.54244011993
44653.66893459757
45137.86797549766
44654.43052576871
45843.05375862104
46222.91385397026
44834.40692019071
45905.558876270174
44969.49101094226
44562.824763190365
45578.90911945346
45915.849003179675
46119.566898833844
46149.94115882502
46259.21931784999
44712.7207690588
46064.64020636959
46231.981165604564
45302.222451529764
44822.76797400777
46163.37474786462
46317.90357448771
46275.735253947736
46287.8435265165
45899.06222478492
46073.64552280949
45300.3697642682
45311.716288240415
44862.09112799186
46226.47505792755
46196.26676419212
46188.59122551483
45549.267226163494
45010.61969308384
45870.902079958716
45353.74503825305
44745.64895173995
46174.87644212316
45209.24817962136
45855.47691128972
45952.75864941013
46317.069287440834
45092.834873796426
45966.077673095
44941.6881596129
46088.6720445319
45110.096830075905
45176.413896264916
45577.03373270209
45977.48125140487
45541.79076013993
44986.13864602969
45247.119973681256
45674.48366423545
45737.34314314645
45188.74775076147
45213.449871000375
45571.956537012346
45754.840480832536
44403.521939348495
44784.30757862445
45790.661630541865
45344.219304797545
45149.13323070266
44840.8709591836
45731.69279354269
45275.04590386599
44502.62750929919
45236.31734910154
45681.453076265185
45868.18439392361
45524.21129303935
45193.73991379294
45378.88533070808
45200.30798987639
45676.627872195524
46272.419228118204
46007.68328310828
46249.844227955204
44471.33313012405
46247.378512311756
44121.35087320443
44763.160913305255
44854.07008635343
46292.248105875515
44659.56848312225
45279.78663158322
45557.798292848056
45420.76662683938
44388.821415140286
45380.74444590111
45478.66292730994
44824.58180065948
44595.021461354074
45343.67672981403
44145.90097645215
43963.93491872167
45042.945633477415
46421.304283912694
44212.1668198741
44187.52941999571
45268.199938322075
45262.93521962425
46052.10347779729
44183.51623468075
46019.93110432814
45006.708812532364
46104.52022803808
45672.04994238661
46273.51956068435
46135.15550110468
46296.40048701241
46297.7698942964
46206.15388959553
46317.88867624117
46322.313876782006
46261.96867807709
46293.91492207191
46339.978400421176
46020.21054246323
46301.089554667116
45319.37412685459
46305.764681821514
46295.284182315976
46237.20650210717
44685.4978802317
46026.476730739356
45869.002588094765
45584.23317348251
46032.74462567706
46090.855318244554
45893.09394985606
45958.7424539096
46046.37509505059
46098.498405440136
46021.284204760195
46058.64352816886
46065.46542434931
45726.58108386604
45872.52407829675
45644.45694031892
45839.25954316084
45191.37133530146
45512.21149524682
45882.799398807874
45800.37588114039
45765.601302794115
45605.36851196333
45789.860789283644
45584.24760350315
45425.537921964606
45728.744707850485
45016.88133049894
45943.25816186767
45330.202191589364
46056.46330499261
45620.8860019598
45803.34777941235
45476.26439015856
46093.3191254945
46058.363623104415
46092.49290927813
45686.293794595695
46012.8580375516
46080.75203787326
45530.32873213527
45963.627449478314
46084.306117563625
45699.42977267072
46068.47182561036
46061.08915923478
46120.6452022038
45643.3863208673
46084.8518131989
46022.652093679106
46120.11342985675
46182.28082097984
45419.434282021255
46137.07710082297
45675.55574305089
46137.34318109292
46064.920187727344
46141.172120350275
46046.37509505059
46079.38069312348
45165.914162807436
45532.473823570515
46028.37457507659
46075.56200186798
45793.63226822857
46085.117291424045
45441.191367057225
45871.17971117721
44520.72053076119
43751.70905113481
43114.9213257479
36563.507638853094
31888.856704764992
43500.589070477
43931.16840128681
44076.824681062855
44033.89631485214
36501.89188798684
58525.831839027946
58378.204821553234
57886.25912864297
54626.15227039945
